Tallformatet viser til kolonnenummer:
0=Ts, 1=PowerB, 2=PowerC, 
3=IAE, 4=MAE 
5=TV_B, 6=TV_C 
7=Avvik, 8=MedianLys, 9=STD_Lys 
0,0.0,0.0,0,0,0,0,0,0,0
0.1991879940032959,-1.875,1.875,0.0,0.0,1.875,1.875,0.0,26.0,0.0
0.19063901901245123,2.34375,2.34375,0.19063901901245123,0.3333333333333333,6.09375,2.34375,1.0,26.333333333333332,0.7071067811865476
0.18974113464355463,1.875,2.8125,0.38038015365600586,0.5,6.5625,2.8125,1.0,26.5,0.7543444794845715
0.18636393547058105,1.875,2.8125,0.5667440891265869,0.6000000000000001,6.5625,2.8125,1.0,26.6,0.6622583482834647
0.18883991241455078,1.875,2.8125,0.5667440891265869,0.5,6.5625,2.8125,0.0,26.5,0.36393910157702614
0.17310714721679643,1.875,2.8125,0.7398512363433833,0.5714285714285714,6.5625,2.8125,1.0,26.571428571428573,0.47678421072448596
0.18805789947509788,2.6953125,3.6328125,0.9279091358184812,0.625,7.3828125,3.6328125,1.0,26.625,0.45931380662967325
0.23550009727478005,7.96875,8.90625,0.9279091358184812,0.5555555555555556,12.65625,8.90625,0.0,26.555555555555557,0.23961265790585679
0.20193099975586004,12.421875,10.546875,0.9279091358184812,0.5,17.109375,10.546875,0.0,26.5,0.16316748651678836
0.1870448589324949,16.7578125,10.6640625,1.1149539947509761,0.5454545454545454,21.4453125,10.6640625,1.0,26.545454545454547,0.34105241334973546
0.2009360790252681,22.5,11.25,1.3158900737762442,0.5833333333333333,27.1875,11.25,-1.0,26.416666666666668,0.34916164703338604
0.19556212425231978,16.5234375,17.2265625,1.7070143222808838,0.6923076923076923,33.1640625,17.2265625,-2.0,26.23076923076923,0.6020217082903092
0.2036969661712642,17.109375,20.859375,2.3181052207946764,0.8571428571428571,33.75,20.859375,-3.0,26.0,0.8594283300449608
0.18674802780151412,12.421875,25.546875,3.251845359802247,1.1333333333333333,38.4375,25.546875,-5.0,25.666666666666668,1.3590813160273523
0.19638490676879883,14.765625,23.203125,4.233769893646241,1.4666666666666666,40.78125,27.890625,-5.0,25.375,1.3256213968306172
0.19403696060180708,18.515625,19.453125,5.0099177360534695,1.7333333333333334,44.53125,31.640625,-4.0,25.176470588235293,1.0406014305688387
0.19911599159240678,19.39453125,20.33203125,5.806381702423097,1.9333333333333333,45.41015625,32.51953125,-4.0,25.0,1.0011934475640687
0.19754314422607422,21.328125,21.796875,6.399011135101319,2.0666666666666664,47.34375,33.984375,-3.0,24.894736842105264,0.7454004683376606
0.1892919540405269,22.265625,22.734375,6.777595043182373,2.1333333333333333,48.28125,34.921875,-2.0,24.85,0.49975786075477857
0.1922168731689462,22.265625,22.734375,7.354245662689212,2.3333333333333335,48.28125,34.921875,-3.0,24.761904761904763,0.6891936542349609
0.19972300529479847,21.09375,24.84375,8.352860689163204,2.6,49.453125,37.03125,-5.0,24.59090909090909,1.1060266434023869
0.18522500991821378,16.40625,29.53125,9.649435758590702,3.0,54.140625,41.71875,-7.0,24.347826086956523,1.5091542882055498
0.21340394020080566,18.75,27.1875,11.570071220397953,3.6,56.484375,44.0625,-9.0,24.041666666666668,1.8940312917873894
0.18346810340881436,18.75,27.1875,13.771688461303725,4.4,56.484375,44.0625,-12.0,23.64,2.465546180969065
0.1938769817352286,22.5,23.4375,16.292089223861698,5.2,60.234375,47.8125,-13.0,23.23076923076923,2.618897066942258
0.19315814971923828,22.96875,23.90625,18.996303319931034,6.066666666666666,60.703125,48.28125,-14.0,22.814814814814813,2.76390816575525
0.18464899063110352,22.96875,23.90625,21.766038179397587,6.933333333333334,60.703125,48.28125,-15.0,22.392857142857142,2.904427706525914
0.1951279640197754,22.96875,23.90625,25.083213567733768,7.866666666666666,60.703125,48.28125,-17.0,21.93103448275862,3.2288013460688356
0.17572498321533203,22.96875,23.90625,28.070538282394413,8.666666666666666,60.703125,48.28125,-17.0,21.5,3.1744062781613134
0.19459486007690519,26.71875,20.15625,30.98946118354799,9.333333333333334,64.453125,52.03125,-15.0,21.161290322580644,2.7578639456299103
0.20452213287353427,35.859375,5.390625,33.23920464515687,9.8,73.59375,66.796875,-11.0,20.96875,1.9980463356830462
0.2063610553741455,41.484375,-3.515625,34.47737097740174,9.933333333333334,79.21875,75.703125,-6.0,20.939393939393938,1.0896967229417986
0.2171478271484375,45.703125,-8.671875,35.34596228599549,10.0,83.4375,80.859375,-4.0,20.970588235294116,0.7196315707811206
0.21538209915161133,39.140625,-3.046875,36.207490682601936,10.133333333333333,90.0,86.484375,-4.0,21.0,0.701251645081034
0.19363188743591309,45.703125,-7.96875,36.98201823234559,10.2,96.5625,91.40625,-4.0,21.02777777777778,0.6907811653706886
0.20189619064331055,45.703125,-7.96875,37.99149918556214,10.2,96.5625,91.40625,-5.0,21.027027027027028,0.8447679031243942
0.19698882102966309,36.796875,3.28125,39.567409753799446,10.266666666666666,105.46875,102.65625,-8.0,20.94736842105263,1.323843379965711
0.21075201034545898,37.08984375,4.04296875,41.674929857254035,10.333333333333334,105.76171875,103.41796875,-10.0,20.82051282051282,1.6329166944617013
0.1966090202331543,37.3828125,4.8046875,43.83762907981873,10.266666666666666,106.0546875,104.1796875,-11.0,20.675,1.7732551315015146
0.19381093978881836,24.609375,13.359375,46.55098223686219,10.333333333333334,118.828125,112.734375,-14.0,20.463414634146343,2.2235852532087765
0.19138216972351074,19.921875,19.921875,48.84756827354432,10.2,123.515625,119.296875,-12.0,20.30952380952381,1.8884991153333506
0.196943998336792,35.625,9.375,50.02923226356507,9.6,139.21875,129.84375,-6.0,20.302325581395348,0.9497931994879998
0.20718002319335938,53.90625,-12.65625,50.85795235633851,8.733333333333333,157.5,151.875,4.0,20.522727272727273,0.6278385438927713
0.2084178924560547,71.6015625,-42.0703125,54.19263863563538,8.666666666666666,175.1953125,181.2890625,16.0,21.0,2.4150467647641034
0.18625807762145996,68.3203125,-51.4453125,58.2903163433075,9.133333333333333,178.4765625,190.6640625,22.0,21.58695652173913,3.287738320097754
0.19786596298217773,61.5234375,-47.9296875,59.675378084182746,8.866666666666667,185.2734375,194.1796875,7.0,21.829787234042552,1.0661566317762068
0.19269609451293945,9.609375,10.078125,60.253466367721565,8.666666666666666,237.1875,252.1875,-3.0,21.854166666666668,0.46278887773685806
0.2205648422241211,34.6875,2.34375,62.90024447441102,9.2,262.265625,259.921875,-12.0,21.693877551020407,1.7348318174834272
0.2010340690612793,7.5,25.3125,66.11678957939148,10.0,289.453125,282.890625,-16.0,21.46,2.293445993889417
0.19950103759765625,-4.453125,37.265625,69.70780825614929,10.933333333333334,301.40625,294.84375,-18.0,21.19607843137255,2.5545780316674196
0.19596791267394842,-18.515625,47.578125,73.03926277160642,11.733333333333333,315.46875,305.15625,-17.0,20.96153846153846,2.3909739505049985
0.20031404495238903,-22.03125,51.09375,75.64334535598748,12.066666666666666,318.984375,308.671875,-13.0,20.81132075471698,1.8154834805855276
0.19472002983093972,-2.578125,41.484375,76.22750544548029,11.6,338.4375,318.28125,-3.0,20.85185185185185,0.45173634572478616
0.19947504997253063,4.1015625,41.3671875,77.02540564537041,11.133333333333333,345.1171875,318.3984375,4.0,21.01818181818182,0.5519617597081239
0.18851089477539062,27.65625,28.59375,78.91051459312432,10.866666666666667,368.671875,331.171875,10.0,21.285714285714285,1.3521159294010805
0.1919429302215594,30.46875,23.90625,81.78965854644771,11.066666666666666,371.484375,335.859375,15.0,21.63157894736842,2.0104730961064554
0.19498205184937056,64.921875,-14.765625,84.71438932418828,11.666666666666666,405.9375,374.53125,15.0,21.96551724137931,1.9956552505077276
0.21588397026062012,49.1015625,-10.1953125,86.009693145752,11.8,421.7578125,379.1015625,-6.0,21.93220338983051,0.8093809389398163
0.20210409164428,7.734375,30.234375,88.0307340621948,11.4,463.125,419.53125,10.0,22.166666666666668,1.3071471130811054
0.2096369266509992,-26.71875,57.1875,97.46439576148975,12.933333333333334,497.578125,446.484375,45.0,22.9672131147541,5.811349738676723
0.2006249427795499,-46.875,72.65625,105.89064335823085,15.266666666666666,517.734375,461.953125,42.0,23.693548387096776,5.3863996152706815
0.2105011940002406,-12.5390625,50.5078125,109.89016604423541,16.333333333333332,552.0703125,484.1015625,-19.0,23.428571428571427,2.4309376911617493
0.20008993148804066,30.8203125,23.5546875,110.2903459072115,15.666666666666666,595.4296875,511.0546875,-2.0,23.4375,0.3194970673577247
0.2169158458709699,54.140625,0.234375,114.84557867050187,16.0,618.75,534.375,21.0,23.8,2.625950711966518
0.2241020202636701,71.3671875,-33.3984375,123.36145544052133,17.333333333333332,635.9765625,568.0078125,38.0,24.40909090909091,4.717603613817843
0.1981101036071795,67.265625,-52.5,129.30475854873671,18.2,640.078125,587.109375,30.0,24.880597014925375,3.702410360697101
0.22831106185912908,11.25,-6.5625,131.35955810546886,17.933333333333334,696.09375,633.046875,-9.0,24.764705882352942,1.1243731942777737
0.22676396369934082,0.234375,7.265625,135.66807341575634,19.0,707.109375,646.875,-19.0,24.507246376811594,2.307673813459696
0.2353549003601092,-44.296875,55.078125,140.1398165225984,20.0,751.640625,694.6875,-19.0,24.257142857142856,2.294630385485246
0.22177815437317072,-22.03125,38.90625,143.68826699256914,20.4,773.90625,710.859375,-16.0,24.056338028169016,1.920917304628499
0.22983598709105912,-34.8046875,48.1640625,144.60761094093337,19.666666666666668,786.6796875,720.1171875,4.0,24.13888888888889,0.502401518688671
0.24209189414978027,31.7578125,7.1484375,152.8387353420259,20.933333333333334,853.2421875,761.1328125,34.0,24.63013698630137,4.007809046652078
0.24760413169861017,48.6328125,-15.8203125,162.99050474166893,23.266666666666666,870.1171875,784.1015625,41.0,25.2027027027027,4.804404099788415
0.2047698497772199,57.890625,-16.640625,171.38606858253493,25.333333333333332,879.375,784.921875,41.0,25.76,4.772959312202764
0.19649505615235086,47.2265625,-21.2109375,175.70895981788664,23.8,890.0390625,789.4921875,-22.0,25.473684210526315,2.552836224834913
0.15358591079711026,44.765625,-21.796875,179.08784985542306,22.466666666666665,892.5,790.078125,-22.0,25.194805194805195,2.5302195562753744
