Tallformatet viser til kolonnenummer:
0=Ts, 1=PowerB, 2=PowerC, 
3=IAE, 4=MAE 
5=TV_B, 6=TV_C 
7=Avvik, 8=MedianLys, 9=STD_Lys 
0,0,0,0,0,0,0,0,0,0
0.2083401679992676,15.0,15.0,0.0,0.0,15.0,15.0,0,27.0,0.0
0.1960809230804443,15.0,15.0,0.0,0.0,15.0,15.0,0,27.0,0.0
0.1770150661468506,12.0,18.0,1.062090396881104,1.5,18.0,18.0,-6,25.5,3.464101615137754
0.1793839931488037,10.5,19.5,0.5523655414581299,3.0,19.5,19.5,-9,24.0,4.595217666638267
0.1789278984069824,11.0,19.0,0.8790576457977295,3.833333333333333,20.0,20.0,-8,23.16666666666667,3.703922722375246
0.1723301410675049,11.5,18.5,0.3272533416748047,4.285714285714286,20.5,20.5,-7,22.71428571428572,2.963779195621002
0.1767518520355225,12.5,17.5,0.5565059185028076,4.375,21.5,21.5,-5,22.625,1.998705981222458
0.183135986328125,13.5,16.5,0.007097959518432617,4.222222222222222,22.5,22.5,-3,22.77777777777778,1.172534966494734
0.1805770397186279,14.5,15.5,0.1734790802001953,3.9,23.5,23.5,-1,23.1,0.491317386273853
0.1998510360717773,15.0,15.0,0.1734790802001953,3.545454545454545,24.0,24.0,0,23.45454545454545,0.2216568037019963
0.1925849914550781,16.0,14.0,0.5586490631103516,3.083333333333333,25.0,25.0,2,23.91666666666667,0.6195054335150959
0.2094509601593018,17.5,12.5,1.60590386390686,2.461538461538462,26.5,26.5,5,24.53846153846154,1.461149816454924
0.1981871128082275,17.5,12.5,2.596839427947998,1.928571428571428,26.5,26.5,5,25.07142857142858,1.426700060560812
0.217519998550415,18.0,12.0,3.901959419250488,1.4,27.0,27.0,6,25.6,1.635033858552014
0.2092249393463135,18.5,11.5,5.366533994674683,0.9333333333333334,27.5,27.5,7,26.125,1.837299356094011
0.2588639259338379,18.5,11.5,7.178581476211548,0.4666666666666667,27.5,27.5,7,26.58823529411765,1.782507001320296
0.2198600769042969,17.5,12.5,8.277881860733032,0.1333333333333333,28.5,28.5,5,26.88888888888889,1.255165960466168
0.2059330940246582,16.5,13.5,8.895681142807007,0.4666666666666667,29.5,29.5,3,27.05263157894737,0.7548055658566122
0.2079927921295166,16.0,14.0,9.31166672706604,1.2,30.0,30.0,2,27.15,0.5002528605802961
0.2095310688018799,15.0,15.0,9.31166672706604,1.733333333333333,31.0,31.0,0,27.14285714285714,0.1581538587231269
0.19805908203125,14.0,16.0,8.91554856300354,2.066666666666666,32.0,32.0,-2,27.04545454545455,0.4449801418106915
0.2127900123596191,13.5,16.5,8.277178525924683,2.2,32.5,32.5,-3,26.91304347826087,0.6552230758857728
0.2113428115844727,12.0,18.0,7.009121656417847,2.0,34.0,34.0,-6,26.66666666666667,1.262420433582041
0.1998870372772217,11.5,18.5,5.609912395477295,1.6,34.5,34.5,-7,26.4,1.447158428806576
0.1793301105499268,10.5,19.5,3.995941400527954,1.0,35.5,35.5,-9,26.07692307692308,1.816008352720951
0.1766059398651123,11.0,19.0,2.583093881607056,0.3333333333333333,36.0,36.0,-8,25.81481481481481,1.591032663600315
0.1690471172332764,11.5,18.5,1.399764060974121,0.4666666666666667,36.5,36.5,-7,25.60714285714286,1.36884694195652
0.1822719573974609,12.0,18.0,0.3061323165893555,1.2,37.0,37.0,-6,25.44827586206897,1.155249616532482
0.1747729778289795,13.0,17.0,0.3929595947265625,1.866666666666667,38.0,38.0,-4,25.36666666666667,0.7691295935046111
0.190065860748291,14.0,16.0,0.01282787322998047,2.466666666666667,39.0,39.0,-2,25.35483870967742,0.3987116582822149
0.1752731800079346,15.5,14.5,0.188101053237915,2.866666666666667,40.5,40.5,1,25.4375,0.2124140553549353
0.185032844543457,17.0,13.0,0.9282324314117432,2.933333333333333,42.0,42.0,4,25.60606060606061,0.7117850372337435
0.2096660137176514,19.5,10.5,2.815226554870605,2.533333333333333,44.5,44.5,9,25.91176470588235,1.573567506685999
0.1820340156555176,22.5,7.5,5.545736789703369,1.666666666666667,47.5,47.5,15,26.37142857142857,2.581458590812372
0.1811079978942871,25.0,5.0,9.167896747589111,0.3333333333333333,50.0,50.0,20,26.94444444444445,3.391508128887343
0.1724369525909424,27.0,3.0,13.30638360977173,1.4,52.0,52.0,24,27.59459459459459,4.011758786260181
0.1869940757751465,29.5,0.5,18.72921180725098,3.533333333333333,54.5,54.5,29,28.3421052631579,4.77892829438483
0.179901123046875,30.0,0.0,24.12624549865723,5.933333333333334,55.0,55.0,30,29.07692307692308,4.87954626960547
0.1857669353485107,30.0,0.0,29.69925355911255,8.4,55.0,55.0,30,29.775,4.816849556290771
0.1756210327148438,30.0,0.0,34.96788454055786,11.0,55.0,55.0,30,30.4390243902439,4.756093064575931
0.1779599189758301,29.5,0.5,40.12872219085693,13.46666666666667,55.50000000000001,55.50000000000001,29,31.04761904761905,4.541827538757821
0.1734490394592285,28.5,1.5,44.81184625625611,15.73333333333333,56.5,56.5,27,31.58139534883721,4.179148430968403
0.1767048835754395,27.5,2.5,49.22946834564209,17.8,57.5,57.5,25,32.04545454545455,3.82518930503117
0.1829161643981934,26.0,4.0,53.25362396240235,19.53333333333333,59.0,59.0,22,32.42222222222223,3.329705110151482
0.1772470474243164,24.0,6.0,56.44407081604005,20.86666666666667,61.00000000000001,61.00000000000001,18,32.69565217391305,2.697034194609378
0.2089049816131592,21.5,8.5,59.15983557701111,21.66666666666667,63.50000000000001,63.50000000000001,13,32.85106382978724,1.931979353311505
0.179811954498291,19.0,11.0,60.59833121299744,21.93333333333333,66.00000000000001,66.00000000000001,8,32.89583333333334,1.184401988915526
0.1872060298919678,18.5,11.5,61.90877342224121,21.8,66.5,66.5,7,32.91836734693877,1.022501039006354
0.1819949150085449,19.0,11.0,63.36473274230958,21.33333333333333,67.0,67.0,8,32.96,1.151950440393413
0.1927371025085449,20.5,9.5,65.48484086990356,20.73333333333334,68.50000000000001,68.50000000000001,11,33.05882352941177,1.563022395491462
0.1770470142364502,21.5,8.5,67.78645205497742,20.0,69.5,69.5,13,33.19230769230769,1.828762693229193
0.211129903793335,22.5,7.5,70.95340061187745,19.06666666666667,70.50000000000001,70.50000000000001,15,33.35849056603774,2.088562086760748
0.1874339580535889,23.0,7.0,73.95234394073487,18.13333333333333,71.00000000000001,71.00000000000001,16,33.53703703703704,2.206716001453508
0.2014400959014893,24.0,6.0,77.57826566696167,17.33333333333333,72.0,72.0,18,33.74545454545455,2.457817143551983
0.2065479755401611,25.0,5.0,81.70922517776489,16.66666666666667,73.00000000000001,73.00000000000001,20,33.98214285714285,2.705072061360934
0.1993570327758789,26.0,4.0,86.09507989883424,16.2,74.0,74.0,22,34.24561403508772,2.948077678945338
0.2154068946838379,26.0,4.0,90.83403158187867,15.86666666666667,74.0,74.0,22,34.5,2.922832313221127
0.205812931060791,25.5,4.5,95.15610313415527,15.6,74.5,74.5,21,34.72881355932204,2.766557777534177
0.1923182010650635,25.0,5.0,99.00246715545656,15.46666666666667,75.0,75.0,20,34.93333333333333,2.612767082374138
0.1889238357543945,24.5,5.5,102.59202003479,15.53333333333333,75.50000000000001,75.50000000000001,19,35.11475409836066,2.46174994357799
0.1769790649414063,24.5,5.5,105.9546222686768,15.93333333333334,75.50000000000001,75.50000000000001,19,35.29032258064516,2.440981225519226
0.1868629455566406,24.0,6.0,109.3181552886963,16.6,76.00000000000001,76.00000000000001,18,35.44444444444444,2.294597375693747
0.1751289367675781,24.0,6.0,112.4704761505127,17.33333333333333,76.00000000000001,76.00000000000001,18,35.59375,2.275803006286728
0.1803960800170898,23.5,6.5,115.5372095108032,17.93333333333333,76.5,76.5,17,35.72307692307692,2.133350515497449
0.2066469192504883,23.0,7.0,118.843560218811,18.26666666666667,77.0,77.0,16,35.83333333333334,1.992807646418248
0.1710572242736816,23.0,7.0,121.5804758071899,18.46666666666667,77.0,77.0,16,35.94029850746269,1.977114547525419
0.1809787750244141,24.5,5.5,125.0190725326538,18.73333333333333,78.50000000000001,78.50000000000001,19,36.08823529411765,2.327567157751557
0.17193603515625,26.0,4.0,128.8016653060913,19.13333333333333,80.0,80.0,22,36.27536231884058,2.674299158212109
0.1797380447387695,26.5,3.5,132.935640335083,19.46666666666667,80.50000000000001,80.50000000000001,23,36.47142857142857,2.775864662673837
0.1729850769042969,26.5,3.5,136.9142971038818,19.66666666666667,80.50000000000001,80.50000000000001,23,36.66197183098591,2.756228957581287
0.1874470710754395,27.0,3.0,141.4130268096924,19.8,81.0,81.0,24,36.86111111111112,2.855082517634323
0.172468900680542,26.5,3.5,145.3798115253448,19.86666666666667,81.5,81.5,23,37.04109589041096,2.717880818961393
0.1938860416412354,25.5,4.5,149.4514183998108,19.86666666666667,82.5,82.5,21,37.18918918918919,2.46542635957887
0.1711239814758301,25.0,5.0,152.8738980293274,19.86666666666667,83.00000000000001,83.00000000000001,20,37.32,2.33210676810307
0.1741318702697754,24.0,6.0,156.0082716941833,19.8,84.0,84.0,18,37.42105263157895,2.085927792831775
0.1799001693725586,22.5,7.5,158.7067742347717,19.53333333333333,85.50000000000001,85.50000000000001,15,37.48051948051948,1.728575348116537
0.1800470352172852,20.5,9.5,160.6872916221619,19.06666666666667,87.5,87.5,11,37.48717948717949,1.262488654176184
0.1830458641052246,19.5,10.5,162.3347043991089,18.46666666666667,88.5,88.5,9,37.46835443037975,1.026960218527551
0.1812639236450195,20.0,10.0,164.1473436355591,18.0,89.0,89.0,10,37.4625,1.130850247047408
0.1780540943145752,20.0,10.0,165.9278845787048,17.6,89.0,89.0,10,37.45679012345679,1.124337862071759
0.180185079574585,22.0,8.0,168.450475692749,17.46666666666667,91.0,91.0,14,37.5,1.560010833541331
0.1953279972076416,22.5,7.5,171.3803956508636,17.2,91.5,91.5,15,37.55421686746988,1.662205451015202
0.182175874710083,22.0,8.0,173.9308578968048,16.66666666666667,92.00000000000001,92.00000000000001,14,37.59523809523809,1.543201981216817
0.1899030208587646,19.0,11.0,175.4500820636749,15.66666666666667,95.0,95.0,8,37.56470588235294,0.8833324482108109
0.1800940036773682,17.0,13.0,176.1704580783844,14.4,97.00000000000001,97.00000000000001,4,37.48837209302326,0.4456763854717748
0.1967880725860596,14.5,15.5,175.9736700057983,12.73333333333333,99.50000000000001,99.50000000000001,-1,37.35632183908046,0.1296541188267522
0.1802730560302734,12.0,18.0,174.8920316696167,10.8,102.0,102.0,-6,37.17045454545455,0.6444248448625872
0.1767058372497559,10.5,19.5,173.3016791343689,8.800000000000001,103.5,103.5,-9,36.95505617977529,0.9632121028388589
0.188946008682251,8.5,21.5,170.8453810214996,6.6,105.5,105.5,-13,36.7,1.38191859832316
0.1742870807647705,7.5,22.5,168.2310748100281,4.4,106.5,106.5,-15,36.42857142857143,1.585986964351372
0.1769540309906006,6.0,24.0,165.0459022521973,2.2,108.0,108.0,-18,36.1304347826087,1.891525307422358
0.1719069480895996,6.0,24.0,161.9515771865845,0.2666666666666667,108.0,108.0,-18,35.83870967741936,1.882099675395582
0.180121898651123,5.0,25.0,158.349139213562,1.666666666666667,109.0,109.0,-20,35.53191489361702,2.078776779679684
0.1767940521240234,5.5,24.5,154.9900522232056,3.6,109.5,109.5,-19,35.2421052631579,1.965334622527988
0.1810040473937988,5.0,25.0,151.3699712753296,5.6,110.0,110.0,-20,34.94791666666667,2.056991504274675
0.1725180149078369,5.5,24.5,148.0921289920807,7.8,110.5,110.5,-19,34.67010309278351,1.944696290299044
0.1765849590301514,6.0,24.0,144.913599729538,10.0,111.0,111.0,-18,34.40816326530612,1.833099724764291
0.1878640651702881,7.5,22.5,142.0956387519837,11.93333333333333,112.5,112.5,-15,34.18181818181818,1.521388663878901
0.184298038482666,9.5,20.5,140.0683603286743,13.2,114.5,114.5,-11,34.0,1.112470127456744
0.182567834854126,12.0,18.0,138.9729533195496,13.86666666666667,117.0,117.0,-6,33.87128712871287,0.6092000502910087
0.188960075378418,14.5,15.5,138.7839932441711,13.86666666666667,119.5,119.5,-1,33.79411764705883,0.1262246955443249
0.1822569370269775,16.0,14.0,139.1485071182251,13.33333333333333,121.0,121.0,2,33.74757281553398,0.2011297672888085
0.17696213722229,17.0,13.0,139.8563556671143,12.46666666666667,122.0,122.0,4,33.72115384615385,0.396601212822796
0.1901059150695801,19.5,10.5,141.5673089027405,11.0,124.5,124.5,9,33.74285714285714,0.884680522587885
0.1905539035797119,23.0,7.0,144.6161713600159,8.933333333333334,128.0,128.0,16,33.83018867924529,1.564135789144213
0.1940770149230957,26.5,3.5,149.0799427032471,6.2,131.5,131.5,23,33.98130841121496,2.237257704366362
0.1773850917816162,28.5,1.5,153.8693401813507,3.2,133.5,133.5,27,34.16666666666667,2.614190708930324
0.1941430568695068,28.5,1.5,159.1112027168274,0.06666666666666666,133.5,133.5,27,34.34862385321101,2.602730387406105
0.1782219409942627,27.5,2.5,163.566751241684,2.866666666666667,134.5,134.5,25,34.50909090909091,2.399546460180206
0.1818881034851074,26.5,3.5,167.7501776218414,5.733333333333333,135.5,135.5,23,34.64864864864865,2.197931975248511
0.1929609775543213,26.5,3.5,172.1882801055908,8.533333333333333,135.5,135.5,23,34.78571428571429,2.187593873353089
0.1757099628448486,26.5,3.5,176.2296092510223,11.26666666666667,135.5,135.5,23,34.92035398230089,2.177784740021204
0.183211088180542,26.5,3.5,180.4434642791748,13.8,135.5,135.5,23,35.05263157894737,2.168107091573468
0.178886890411377,26.5,3.5,184.5578627586365,16.06666666666667,135.5,135.5,23,35.18260869565217,2.158557240485505
0.1433210372924805,26.5,3.5,187.8542466163635,18.0,135.5,135.5,23,35.31034482758621,2.149132397727219
