Tallformatet viser til kolonnenummer:
0=Ts, 1=PowerB, 2=PowerC, 
3=IAE, 4=MAE 
5=TV_B, 6=TV_C 
7=Avvik, 8=MedianLys, 9=STD_Lys, 10=P_regulator 
0,0,0,0,0,0,0,0,0,0,0
0.2083401679992676,15.0,15.0,0.0,0.0,0.0,15.0,0.0,27.0,0.0,0.0
0.1960809230804443,15.0,15.0,0.0,0.0,0.0,15.0,0.0,27.0,0.0,0.0
0.17701506614685059,12.0,18.0,-1.7999999999999998,1.0620903968811035,1.5,18.0,-6.0,25.5,3.4641016151377544,-3.0
0.1793839931488037,10.5,19.5,-3.9599999999999995,0.5523655414581299,3.0,19.5,-9.0,24.0,4.595217666638267,-4.5
0.17892789840698242,11.0,19.0,-5.171999999999999,0.8790576457977295,3.833333333333333,20.0,-8.0,23.166666666666668,3.703922722375246,-4.0
0.17233014106750533,11.5,18.5,-5.720399999999999,0.3272533416748078,4.285714285714286,20.5,-7.0,22.714285714285715,2.9637791956210022,-3.5
0.17675185203552202,12.5,17.5,-5.504279999999999,0.5565059185028023,4.375,21.5,-5.0,22.625,1.9987059812224581,-2.5
0.183135986328125,13.5,16.5,-4.752995999999999,0.007097959518427288,4.222222222222222,22.5,-3.0,22.77777777777778,1.172534966494734,-1.5
0.18057703971862793,14.5,15.5,-3.627097199999999,0.17347908020020064,3.9000000000000004,23.5,-1.0,23.1,0.49131738627385296,-0.5
0.19985103607177712,15.0,15.0,-2.538968039999999,0.17347908020020064,3.5454545454545454,24.0,0.0,23.454545454545453,0.22165680370199625,0.0
0.1925849914550779,16.0,14.0,-1.1772776279999992,0.5586490631103564,3.083333333333333,25.0,2.0,23.916666666666668,0.6195054335150959,1.0
0.2094509601593022,17.5,12.5,0.6759056604000006,1.6059038639068675,2.4615384615384617,26.5,5.0,24.53846153846154,1.461149816454924,2.5
0.19818711280822798,17.5,12.5,1.9731339622800004,2.5968394279480074,1.9285714285714284,26.5,5.0,25.071428571428573,1.4267000605608122,2.5
0.21751999855041504,18.0,12.0,3.181193773596,3.9019594192504976,1.4,27.0,6.0,25.6,1.6350338585520137,3.0
0.20922493934631303,18.5,11.5,4.326835641517199,5.366533994674689,0.9333333333333333,27.5,7.0,26.125,1.837299356094011,3.5
0.2588639259338379,18.5,11.5,5.128784949062039,7.178581476211554,0.4666666666666667,27.5,7.0,26.58823529411765,1.7825070013202964,3.5
0.21986007690429688,17.5,12.5,5.090149464343427,8.27788186073304,0.13333333333333333,28.5,5.0,26.88888888888889,1.2551659604661682,2.5
0.2059330940246582,16.5,13.5,4.4631046250403985,8.895681142807014,0.4666666666666667,29.5,3.0,27.05263157894737,0.7548055658566122,1.5
0.20799279212951705,16.0,14.0,3.724173237528279,9.311666727066047,1.2,30.0,2.0,27.15,0.500252860580296,1.0
0.20953106880187988,15.0,15.0,2.606921266269795,9.311666727066047,1.7333333333333334,31.0,0.0,27.142857142857142,0.15815385872312696,0.0
0.19805908203124956,14.0,16.0,1.2248448863888561,8.915548563003547,2.0666666666666664,32.0,-2.0,27.045454545454547,0.44498014181069157,-1.0
0.21279001235961914,13.5,16.5,-0.042608579527800616,8.27717852592469,2.2,32.5,-3.0,26.91304347826087,0.6552230758857729,-1.5
0.21134281158447266,12.0,18.0,-1.8298260056694602,7.009121656417854,2.0,34.0,-6.0,26.666666666666668,1.262420433582041,-3.0
0.19988703727722168,11.5,18.5,-3.380878203968622,5.609912395477302,1.6,34.5,-7.0,26.4,1.4471584288065762,-3.5
0.17933011054992676,10.5,19.5,-5.066614742778035,3.995941400527961,1.0,35.5,-9.0,26.076923076923077,1.8160083527209514,-4.5
0.1766059398651123,11.0,19.0,-5.946630319944624,2.5830938816070628,0.3333333333333333,36.0,-8.0,25.814814814814813,1.5910326636003151,-4.0
0.16904711723327726,11.5,18.5,-6.2626412239612375,1.399764060974122,0.4666666666666667,36.5,-7.0,25.607142857142858,1.3688469419565197,-3.5
0.18227195739745916,12.0,18.0,-6.183848856772865,0.306132316589367,1.2,37.0,-6.0,25.448275862068964,1.1552496165324821,-3.0
0.17477297782898038,13.0,17.0,-5.528694199741006,0.3929595947265545,1.8666666666666667,38.0,-4.0,25.366666666666667,0.7691295935046111,-2.0
0.19006586074829102,14.0,16.0,-4.470085939818704,0.012827873229972475,2.466666666666667,39.0,-2.0,25.35483870967742,0.3987116582822149,-1.0
0.17527318000793457,15.5,14.5,-2.8290601578730925,0.18810105323790705,2.8666666666666667,40.5,1.0,25.4375,0.2124140553549353,0.5
0.18503284454345703,17.0,13.0,-0.7803421105111648,0.9282324314117352,2.933333333333333,42.0,4.0,25.606060606060606,0.7117850372337435,2.0
0.20966601371765137,19.5,10.5,2.1537605226421843,2.8152265548705975,2.533333333333333,44.5,9.0,25.91176470588235,1.5735675066859993,4.5
0.18203401565551847,22.5,7.5,6.007632365849529,5.5457367897033745,1.6666666666666667,47.5,15.0,26.37142857142857,2.5814585908123724,7.5
0.18110799789428622,25.0,5.0,10.20534265609467,9.167896747589099,0.3333333333333333,50.0,20.0,26.944444444444443,3.3915081288873425,10.0
0.17243695259094238,27.0,3.0,14.343739859266268,13.306383609771716,1.4,52.0,24.0,27.594594594594593,4.011758786260181,12.0
0.18699407577514737,29.5,0.5,18.740617901486388,18.72921180725099,3.533333333333333,54.5,29.0,28.342105263157894,4.77892829438483,14.5
0.179901123046875,30.0,0.0,22.11843253104047,24.12624549865724,5.933333333333334,55.0,30.0,29.076923076923077,4.87954626960547,15.0
0.18576693534850985,30.0,0.0,24.482902771728327,29.699253559112535,8.4,55.0,30.0,29.775,4.816849556290771,15.0
0.17562103271484375,30.0,0.0,26.138031940209828,34.96788454055785,11.0,55.0,30.0,30.4390243902439,4.756093064575931,15.0
0.17795991897583008,29.5,0.5,26.996622358146876,40.12872219085692,13.466666666666667,55.5,29.0,31.047619047619047,4.541827538757821,14.5
0.17344903945922852,28.5,1.5,26.99763565070281,44.81184625625609,15.733333333333333,56.5,27.0,31.58139534883721,4.179148430968403,13.5
0.17670488357543945,27.5,2.5,26.398344955491968,49.229468345642076,17.8,57.5,25.0,32.04545454545455,3.8251893050311705,12.5
0.18291616439819336,26.0,4.0,25.078841468844374,53.25362396240233,19.53333333333333,59.0,22.0,32.422222222222224,3.329705110151482,11.0
0.1772470474243164,24.0,6.0,22.955189028191057,56.444070816040025,20.866666666666667,61.0,18.0,32.69565217391305,2.697034194609378,9.0
0.20890498161315918,21.5,8.5,19.96863231973374,59.159835577011094,21.666666666666668,63.5,13.0,32.851063829787236,1.9319793533115055,6.5
0.17981195449829102,19.0,11.0,16.378042623813617,60.59833121299742,21.933333333333334,66.0,8.0,32.895833333333336,1.1844019889155257,4.0
0.18720602989196777,18.5,11.5,13.56462983666953,61.9087734222412,21.8,66.5,7.0,32.91836734693877,1.022501039006354,3.5
0.18199491500854492,19.0,11.0,11.89524088566867,63.364732742309556,21.333333333333332,67.0,8.0,32.96,1.1519504403934133,4.0
0.19273710250854492,20.5,9.5,11.626668619968068,65.48484086990355,20.733333333333334,68.5,11.0,33.05882352941177,1.563022395491462,5.5
0.1770470142364502,21.5,8.5,12.038668033977649,67.7864520549774,20.0,69.5,13.0,33.19230769230769,1.828762693229193,6.5
0.21112990379333496,22.5,7.5,12.927067623784353,70.95340061187743,19.066666666666666,70.5,15.0,33.35849056603774,2.0885620867607475,7.5
0.18743395805359064,23.0,7.0,13.848947336649047,73.95234394073488,18.133333333333333,71.0,16.0,33.53703703703704,2.2067160014535077,8.0
0.20144009590149103,24.0,6.0,15.09426313565433,77.57826566696171,17.333333333333332,72.0,18.0,33.74545454545454,2.4578171435519827,9.0
0.20654797554015936,25.0,5.0,16.56598419495803,81.70922517776489,16.666666666666668,73.0,20.0,33.982142857142854,2.7050720613609336,10.0
0.19935703277588068,26.0,4.0,18.19618893647062,86.09507989883427,16.2,74.0,22.0,34.24561403508772,2.948077678945338,11.0
0.21540689468383967,26.0,4.0,19.337332255529432,90.83403158187875,15.866666666666667,74.0,22.0,34.5,2.9228323132211274,11.0
0.20581293106078924,25.5,4.5,19.8361325788706,95.15610313415532,15.6,74.5,21.0,34.728813559322035,2.766557777534177,10.5
0.19231820106505992,25.0,5.0,19.885292805209417,99.00246715545651,15.466666666666667,75.0,20.0,34.93333333333333,2.612767082374138,10.0
0.18892383575439098,24.5,5.5,19.61970496364659,102.59202003478994,15.533333333333333,75.5,19.0,35.114754098360656,2.4617499435779897,9.5
0.1769790649414098,24.5,5.5,19.433793474552612,105.95462226867673,15.933333333333334,75.5,19.0,35.29032258064516,2.4409812255192262,9.5
0.18686294555664062,24.0,6.0,19.00365543218683,109.31815528869626,16.6,76.0,18.0,35.44444444444444,2.294597375693747,9.0
0.1751289367675799,24.0,6.0,18.702558802530778,112.4704761505127,17.333333333333332,76.0,18.0,35.59375,2.2758030062867283,9.0
0.18039608001708984,23.5,6.5,18.191791161771544,115.53720951080322,17.933333333333334,76.5,17.0,35.723076923076924,2.133350515497449,8.5
0.20664691925049006,23.0,7.0,17.53425381324008,118.84356021881106,18.266666666666666,77.0,16.0,35.833333333333336,1.9928076464182483,8.0
0.17105722427367986,23.0,7.0,17.073977669268057,121.58047580718994,18.466666666666665,77.0,16.0,35.940298507462686,1.9771145475254186,8.0
0.18097877502440873,24.5,5.5,17.65178436848764,125.01907253265371,18.733333333333334,78.5,19.0,36.088235294117645,2.3275671577515573,9.5
0.17193603515625,26.0,4.0,18.95624905794135,128.8016653060912,19.133333333333333,80.0,22.0,36.27536231884058,2.6742991582121087,11.0
0.1797380447387713,26.5,3.5,20.169374340558942,132.93564033508292,19.466666666666665,80.5,23.0,36.47142857142857,2.775864662673837,11.5
0.17298507690430043,26.5,3.5,21.01856203839126,136.91429710388184,19.666666666666668,80.5,23.0,36.66197183098591,2.756228957581287,11.5
0.18744707107543945,27.0,3.0,21.912993426873882,141.41302680969238,19.8,81.0,24.0,36.861111111111114,2.855082517634323,12.0
0.17246890068054022,26.5,3.5,22.239095398811717,145.37981152534482,19.866666666666667,81.5,23.0,37.04109589041096,2.7178808189613934,11.5
0.1938860416412389,25.5,4.5,21.8673667791682,149.45141839981085,19.866666666666667,82.5,21.0,37.189189189189186,2.46542635957887,10.5
0.17112398147583008,25.0,5.0,21.30715674541774,152.87389802932745,19.866666666666667,83.0,20.0,37.32,2.33210676810307,10.0
0.17413187026977006,24.0,6.0,20.315009721792414,156.00827169418332,19.8,84.0,18.0,37.421052631578945,2.085927792831775,9.0
0.17990016937256037,22.5,7.5,18.720506805254686,158.70677423477173,19.53333333333333,85.5,15.0,37.48051948051948,1.7285753481165371,7.5
0.18004703521729049,20.5,9.5,16.40435476367828,160.68729162216192,19.066666666666666,87.5,11.0,37.48717948717949,1.2624886541761837,5.5
0.18304586410521928,19.5,10.5,14.183048334574796,162.3347043991089,18.466666666666665,88.5,9.0,37.46835443037975,1.0269602185275515,4.5
0.18126392364501953,20.0,10.0,12.928133834202356,164.14734363555908,18.0,89.0,10.0,37.4625,1.1308502470474082,5.0
0.17805409431456987,20.0,10.0,12.049693683941648,165.92788457870478,17.6,89.0,10.0,37.45679012345679,1.1243378620717586,5.0
0.1801850795745903,22.0,8.0,12.634785578759153,168.45047569274905,17.466666666666665,91.0,14.0,37.5,1.560010833541331,7.0
0.19532799720763983,22.5,7.5,13.344349905131407,171.38039565086365,17.2,91.5,15.0,37.55421686746988,1.6622054510152018,7.5
0.18217587471008123,22.0,8.0,13.541044933591984,173.93085789680478,16.666666666666668,92.0,14.0,37.595238095238095,1.5432019812168167,7.0
0.18990302085876998,19.0,11.0,11.878731453514389,175.45008206367493,15.666666666666666,95.0,8.0,37.56470588235294,0.8833324482108109,4.0
0.18009400367736994,17.0,13.0,9.515112017460071,176.1704580783844,14.4,97.0,4.0,37.48837209302326,0.4456763854717748,2.0
0.19678807258605957,14.5,15.5,6.36057841222205,175.97367000579834,12.733333333333333,99.5,-1.0,37.35632183908046,0.12965411882675215,-0.5
0.18027305603026988,12.0,18.0,2.6524048885554343,174.89203166961673,10.8,102.0,-6.0,37.17045454545455,0.6444248448625872,-3.0
0.1767058372497594,10.5,19.5,-0.8433165780111957,173.3016791343689,8.8,103.5,-9.0,36.95505617977528,0.9632121028388589,-4.5
0.18894600868225098,8.5,21.5,-4.490321604607837,170.84538102149963,6.6,105.5,-13.0,36.7,1.3819185983231603,-6.5
0.1742870807647705,7.5,22.5,-7.643225123225486,168.23107481002808,4.4,106.5,-15.0,36.42857142857143,1.5859869643513718,-7.5
0.17695403099060059,6.0,24.0,-10.750257586257838,165.04590225219727,2.2,108.0,-18.0,36.130434782608695,1.891525307422358,-9.0
0.1719069480895996,6.0,24.0,-12.925180310380487,161.95157718658447,0.26666666666666666,108.0,-18.0,35.83870967741935,1.882099675395582,-9.0
0.1801218986511195,5.0,25.0,-15.04762621726634,158.34913921356207,1.6666666666666667,109.0,-20.0,35.53191489361702,2.078776779679684,-10.0
0.17679405212401988,5.5,24.5,-16.233338352086438,154.99005222320568,3.6,109.5,-19.0,35.242105263157896,1.9653346225279884,-9.5
0.18100404739379883,5.0,25.0,-17.363336846460506,151.3699712753297,5.6,110.0,-20.0,34.947916666666664,2.056991504274675,-10.0
0.17251801490784047,5.5,24.5,-17.854335792522352,148.09212899208075,7.8,110.5,-19.0,34.670103092783506,1.9446962902990435,-9.5
0.17658495903015137,6.0,24.0,-17.898035054765646,144.91359972953802,10.0,111.0,-18.0,34.40816326530612,1.8330997247642906,-9.0
0.18786406517028809,7.5,22.5,-17.028624538335954,142.0956387519837,11.933333333333334,112.5,-15.0,34.18181818181818,1.521388663878901,-7.5
0.18429803848266957,9.5,20.5,-15.220037176835167,140.06836032867434,13.2,114.5,-11.0,34.0,1.1124701274567443,-5.5
0.18256783485412242,12.0,18.0,-12.454026023784614,138.97295331954962,13.866666666666667,117.0,-6.0,33.87128712871287,0.6092000502910087,-3.0
0.18896007537841797,14.5,15.5,-9.01781821664923,138.7839932441712,13.866666666666667,119.5,-1.0,33.794117647058826,0.1262246955443249,-0.5
0.1822569370269811,16.0,14.0,-5.712472751654461,139.14850711822515,13.333333333333334,121.0,2.0,33.74757281553398,0.20112976728880846,1.0
0.17696213722229004,17.0,13.0,-2.7987309261581226,139.85635566711431,12.466666666666667,122.0,4.0,33.72115384615385,0.396601212822796,2.0
0.19010591506958008,19.5,10.5,0.7408883516893141,141.56730890274054,11.0,124.5,9.0,33.74285714285714,0.8846805225878849,4.5
0.19055390357970836,23.0,7.0,5.31862184618252,144.61617136001587,8.933333333333334,128.0,16.0,33.83018867924528,1.5641357891442127,8.0
0.1940770149231028,26.5,3.5,10.623035292327764,149.07994270324724,6.2,131.5,23.0,33.981308411214954,2.2372577043663617,11.5
0.1773850917816091,28.5,1.5,15.536124704629433,153.86934018135068,3.2,133.5,27.0,34.166666666666664,2.614190708930324,13.5
0.1941430568695104,28.5,1.5,18.9752872932406,159.11120271682745,0.06666666666666667,133.5,27.0,34.34862385321101,2.6027303874061047,13.5
0.17822194099425914,27.5,2.5,20.782701105268423,163.56675124168393,2.8666666666666667,134.5,25.0,34.50909090909091,2.3995464601802063,12.5
0.18188810348511097,26.5,3.5,21.447890773687895,167.7501776218415,5.733333333333333,135.5,23.0,34.648648648648646,2.197931975248511,11.5
0.19296097755431774,26.5,3.5,21.913523541581526,172.1882801055908,8.533333333333333,135.5,23.0,34.785714285714285,2.1875938733530886,11.5
0.17570996284485219,26.5,3.5,22.239466479107065,176.2296092510224,11.266666666666666,135.5,23.0,34.92035398230089,2.1777847400212043,11.5
0.18321108818053844,26.5,3.5,22.467626535374944,180.44346427917478,13.799999999999999,135.5,23.0,35.05263157894737,2.168107091573468,11.5
0.1788868904113805,26.5,3.5,22.627338574762458,184.55786275863653,16.066666666666666,135.5,23.0,35.18260869565217,2.158557240485505,11.5
0.14332103729248047,26.5,3.5,22.73913700233372,187.85424661636358,18.0,135.5,23.0,35.310344827586206,2.1491323977272185,11.5
