Tallformatet viser til kolonnenummer:
0=Ts, 1=PowerB, 2=PowerC, 
3=IAE, 4=MAE 
5=VinkelPosMotorC, 6=VinkelPosMotorB 
7=Avvik, 8=MedianLys, 9=STD_Lys 
10=GyroAngle, 11=PosX, 12=PosY 
0,150,150,0,0,0,0,0,0,0,0,0,0
0.2725682258605957,150,150,0.2725682258605957,0.5,23,23,-1,21.5,1.0,1,7.051628683339219,0.1230866365173675
0.2498209476470947,150,150,0.02274727821350098,0.6666666666666666,60,60,-1,21.33333333333333,1.0,1,13.51476118737594,0.235901034015002
0.2679839134216309,150,150,0.2452366352081299,0.75,100,101,-1,21.25,0.8164965809277261,1,20.44778885261804,0.3569174820609315
0.2749779224395752,150,150,0.02974128723144531,0.8,142,142,-1,21.2,0.6738873386790491,1,27.56175893859443,0.4810922918090472
0.2467241287231445,150,150,0.2169828414916992,0.8333333333333332,178,179,-1,21.16666666666667,0.578599574607353,1,33.94477345718995,0.5925082246688874
0.2676279544830322,150,150,0.3182730674743652,1.0,218,219,-2,21.0,0.8735559106898801,1,40.86859208769005,0.7133639284154693
0.2556700706481934,150,150,0.06260299682617188,1.0,257,257,-1,21.0,0.5173498278575809,1,47.48304759864257,0.8288196788239521
0.2401008605957031,150,150,0.1774978637695313,1.0,293,293,-1,21.0,0.4355097340843229,2,53.69187281254487,1.045636632933186
0.2550241947174072,150,150,0.07752633094787598,1.0,332,332,-1,21.0,0.3993758650255731,2,60.28660407001753,1.275929723035412
0.2591128349304199,150,150,0.1815865039825439,1.0,370,370,-1,21.0,0.3740823258355803,2,66.98706444642022,1.50991495532836
0.2600290775299072,150,150,0.07844257354736328,1.0,409,409,-1,21.0,0.3534353902426324,2,73.71121815794732,1.744727577115677
0.2667460441589355,-150,-150,0.1883034706115723,1.0,449,450,-1,21.0,0.3358366902531934,2,66.81336881007899,1.503849370049965
0.2695329189300537,-150,-150,0.08122944831848145,1.0,458,458,-1,21.0,0.3205568100680671,2,59.84345300520598,1.260454546851105
0.2636590003967285,-150,-150,0.08122944831848145,0.9333333333333334,418,418,0,21.06666666666667,0.1513172660500511,2,53.02543225561778,1.022364015864783
0.287769079208374,-150,-150,0.2065396308898926,1.0,374,375,-1,21.0625,0.2770459969090633,2,45.58394324830026,0.762501493564873
0.3130788803100586,-150,-150,0.106539249420166,1.0,327,328,-1,21.05882352941177,0.282516149638948,1,37.48426102902623,0.6211210145295154
0.3322710990905762,-150,-150,0.2257318496704102,1.0,278,278,-1,21.05555555555556,0.274667301383601,1,28.8880557831877,0.4710736938271192
0.3072628974914551,150,-150,0.08153104782104492,1.0,232,232,-1,21.05263157894737,0.2661105974531393,1,28.8880557831877,0.4710736938271192
0.3405270576477051,150,-150,0.2589960098266602,1.0,181,231,-1,21.05,0.2581422086098178,-7,28.8880557831877,0.4710736938271192
0.2772159576416016,150,-150,0.01821994781494141,1.0,139,272,-1,21.04761904761905,0.2508128992505985,-26,28.8880557831877,0.4710736938271192
0.2851641178131104,150,-150,0.2669441699981689,0.9333333333333334,96,315,-1,21.04545454545455,0.2440543361875246,-45,28.8880557831877,0.4710736938271192
0.288550853729248,150,150,0.2669441699981689,0.8666666666666668,53,358,0,21.08695652173913,0.1053251105748992,-66,31.92485460315214,-6.349688130761952
0.276540994644165,150,150,0.009596824645996094,0.8666666666666668,48,400,-1,21.08333333333333,0.2192204678018375,-80,33.16739383220503,-13.39647827065136
0.2840709686279297,150,150,0.2744741439819336,0.8666666666666668,92,442,-1,21.08,0.2253904452834604,-80,34.44376633823955,-20.63514645918484
0.2984812259674072,150,150,0.02400708198547363,0.8666666666666668,136,488,-1,21.07692307692308,0.2213947104411901,-80,35.78488624300274,-28.24101539299576
0.3023908138275146,150,150,0.278383731842041,0.8666666666666668,182,533,-1,21.07407407407407,0.2167411350721258,-80,37.14357249915576,-35.94650805608083
0.3233311176300049,-150,-150,0.04494738578796387,0.8666666666666668,230,581,-1,21.07142857142857,0.2122839760418878,-80,35.69079838822967,-27.70741665277444
0.3095870018005371,-150,-150,0.2646396160125732,0.8666666666666668,235,586,-1,21.06896551724138,0.2080765635222051,-79,34.16231078165395,-19.84402959800446
0.3769528865814209,-150,-150,0.1123132705688477,0.9333333333333334,178,530,-1,21.06666666666667,0.204102455975543,-80,32.46860620203162,-10.23855360778908
0.2856621742248535,-150,-150,0.1733489036560059,0.9333333333333334,135,487,-1,21.06451612903226,0.2003415796396697,-80,31.18508417598395,-2.959338476385993
0.2712697982788086,-150,-150,0.09792089462280273,0.9333333333333334,94,446,-1,21.0625,0.1967757508368567,-80,29.96622920494288,3.953131561629869
0.3047420978546143,150,-150,0.2068212032318115,0.9333333333333334,48,400,-1,21.06060606060606,0.1933888368382513,-80,29.96622920494288,3.953131561629869
0.33132004737854,150,-150,0.2068212032318115,0.8666666666666668,-1,394,0,21.08823529411765,0.07655238587384008,-86,29.96622920494288,3.953131561629869
0.3017439842224121,150,-150,0.09492278099060059,0.8666666666666668,-46,440,-1,21.08571428571429,0.1779418597938036,-107,29.96622920494288,3.953131561629869
0.3324759006500244,150,-150,0.5700290203094482,0.9333333333333334,-95,489,-2,21.05555555555556,0.3454993016240122,-129,29.96622920494288,3.953131561629869
0.2983641624450684,150,150,0.2716648578643799,0.9333333333333334,-140,534,-1,21.05405405405405,0.1933260991192524,-147,23.49154757925791,-0.2515758496263594
0.2695798873901367,150,150,0.2674949169158936,1.066666666666667,-147,574,-2,21.02631578947368,0.336649874222513,-158,17.02408824744016,-2.86459903420305
0.2500679492950439,150,150,0.01742696762084961,1.066666666666667,-109,612,-1,21.02564102564103,0.1875499845109728,-158,11.02473752467577,-5.288494064182967
0.267488956451416,150,150,0.2500619888305664,1.066666666666667,-69,652,-1,21.025,0.1744992825281682,-158,4.607441470774398,-7.881249968907586
0.2521131038665771,150,150,0.2500619888305664,1.0,-31,690,0,21.04878048780488,0.06604908828442831,-158,-1.440974314471932,-10.32496857090245
0.2708659172058105,150,150,0.2500619888305664,0.9333333333333334,10,731,0,21.07142857142857,0.04013668362970382,-157,-7.892475817536766,-13.06346848569188
0.2702031135559082,150,150,0.2500619888305664,0.8666666666666668,50,772,0,21.09302325581396,0.03091335188097139,-157,-14.32819062145653,-15.79526734426316
0.2600588798522949,150,150,0.2500619888305664,0.8,89,810,0,21.11363636363636,0.02681259331028222,-158,-20.56723258265713,-18.31600392067421
0.2576050758361816,150,150,0.2500619888305664,0.7333333333333333,128,849,0,21.13333333333333,0.02468556502671616,-158,-26.74740562067468,-20.81295590823264
0.2689929008483887,150,150,0.01893091201782227,0.7333333333333333,168,890,-1,21.1304347826087,0.150899934837385,-158,-33.2007826274947,-23.42028946418952
0.2640140056610107,150,150,0.2450830936431885,0.7333333333333333,207,929,-1,21.12765957446809,0.1581757370800361,-158,-39.53471154620438,-25.97936285992395
0.2508101463317871,150,150,0.005727052688598633,0.7333333333333333,245,966,-1,21.125,0.1569778231443846,-158,-45.55186823067387,-28.41045196540894
0.2699570655822754,150,150,0.2642300128936768,0.8,286,1007,-1,21.12244897959184,0.1552536783745923,-157,-51.98172264843618,-31.13976323764311
0.2502679824829102,150,150,0.0139620304107666,0.8,323,1044,-1,21.12,0.1535467540559361,-157,-57.94262124288977,-33.67001457296789
0.2683489322662354,150,150,0.2543869018554688,0.7333333333333333,364,1085,-1,21.11764705882353,0.1518911948768549,-157,-64.33417303988463,-36.38306734729145
0.2590758800506592,150,150,0.00468897819519043,0.7333333333333333,402,1124,-1,21.11538461538462,0.1502867321500154,-157,-70.50485869423619,-39.00236800630958
0.2530460357666016,150,150,0.2483570575714111,0.6666666666666666,440,1162,-1,21.11320754716981,0.1487309607821875,-156,-76.48635803244275,-41.66550309283316
0.2875649929046631,-150,-150,6.078072786331177,2.066666666666666,484,1205,-22,20.72222222222222,3.022396684130191,-156,-69.68889997490127,-38.63907977843406
0.2519910335540771,-150,-150,0.5342700481414795,3.466666666666667,494,1214,-22,20.34545454545455,3.003153887487009,-153,-63.879298653493,-35.67894005376008
0.2874031066894531,-150,-150,5.501195192337036,4.866666666666666,448,1170,-21,20.0,2.841264615648484,-150,-57.43905277292242,-31.96066236096528
0.2825720310211182,-150,-150,5.218623161315918,4.933333333333334,406,1128,-1,20.01754385964913,0.2619045837585187,-151,-51.04422591384527,-28.41595195050553
0.2883508205413818,-150,-150,4.930272340774536,5.0,363,1085,-1,20.03448275862069,0.1487907151271348,-150,-44.58274327525509,-24.6854132097514
0.289553165435791,-150,-150,4.640719175338745,5.066666666666666,319,1042,-1,20.05084745762712,0.1407364077547428,-150,-38.09431800252836,-20.93931913192586
0.2674210071563721,150,-150,4.373298168182373,5.133333333333333,280,1001,-1,20.06666666666667,0.1390486079961738,-150,-38.09431800252836,-20.93931913192586
0.2937459945678711,150,-150,4.079552173614502,5.133333333333333,236,996,-1,20.08196721311476,0.1377829578235382,-155,-38.09431800252836,-20.93931913192586
0.2786087989807129,150,-150,3.800943374633789,5.133333333333333,194,1038,-1,20.09677419354839,0.136572982820364,-173,-38.09431800252836,-20.93931913192586
0.2664341926574707,150,-150,3.534509181976318,5.133333333333333,155,1078,-1,20.11111111111111,0.1353950601150362,-190,-38.09431800252836,-20.93931913192586
0.2672829627990723,150,-150,3.267226219177246,5.133333333333333,114,1118,-1,20.125,0.1342465783971785,-207,-38.09431800252836,-20.93931913192586
0.2809140682220459,150,150,3.267226219177246,5.066666666666666,72,1161,0,20.15384615384615,0.04579959374771695,-225,-43.23403077904028,-15.79960635541393
0.333143949508667,150,150,3.267226219177246,5.0,60,1210,0,20.18181818181819,0.02654447465255737,-242,-47.28092245353516,-8.188510080801677
0.269834041595459,150,150,2.997392177581787,5.0,100,1252,-1,20.19402985074627,0.124714490583101,-242,-50.55875216660207,-2.023808990538182
0.2828178405761719,150,150,2.714574337005615,5.0,143,1294,-1,20.20588235294118,0.1295638199557995,-242,-53.99430357347687,4.437523463429091
0.2870841026306152,150,150,2.427490234375,3.6,185,1337,-1,20.21739130434783,0.12888457101767,-242,-57.48167972582523,10.99632408776831
0.2701010704040527,150,150,2.157389163970947,2.2,226,1378,-1,20.22857142857143,0.1279087407364244,-242,-60.76275319182219,17.1671257900144
