Tallformatet viser til kolonnenummer:
0=Ts, 1=Flow, 
2=Volum, 3=, 4= 
0,0,0
0.07565498352050781,1,0.07565498352050781
0.08348393440246582,1,0.1591389179229736
0.06687116622924805,2,0.2928812503814697
0.05713295936584473,1,0.3500142097473145
0.06277608871459961,3,0.5383424758911133
0.0825798511505127,3,0.7860820293426514
0.08313298225402832,3,1.035480976104736
0.04776215553283691,3,1.178767442703247
0.0696408748626709,3,1.38769006729126
0.05409812927246094,3,1.549984455108643
0.08547091484069824,2,1.720926284790039
0.07063698768615723,2,1.862200260162354
0.07597208023071289,1,1.938172340393066
0.06597185134887695,0,1.938172340393066
0.07185196876525879,-1,1.866320371627808
0.06363010406494141,-3,1.675430059432983
0.09920907020568848,-5,1.179384708404541
0.06351804733276367,-6,0.798276424407959
0.0667119026184082,-6,0.3980050086975098
0.07729601860046387,-7,-0.1430671215057373
0.06579303741455078,-8,-0.6694114208221436
0.05386686325073242,-8,-1.100346326828003
0.08018612861633301,-8,-1.741835355758667
0.05436301231384277,-8,-2.176739454269409
0.05829691886901855,-8,-2.643114805221558
0.06499791145324707,-8,-3.163098096847534
0.05836820602416992,-8,-3.630043745040894
0.0829319953918457,-9,-4.376431703567505
0.06315493583679199,-9,-4.944826126098633
0.06710004806518555,-9,-5.548726558685303
0.06864690780639648,-9,-6.166548728942871
0.06125307083129883,-10,-6.779079437255859
0.06685590744018555,-9,-7.380782604217529
0.07593011856079102,-8,-7.988223552703857
0.05929684638977051,-8,-8.462598323822021
0.07164907455444336,-7,-8.964141845703125
0.08725786209106445,-6,-9.487689018249512
0.06695914268493652,-5,-9.822484731674194
0.06488990783691406,-4,-10.08204436302185
0.06039595603942871,-3,-10.26323223114014
0.0646660327911377,-3,-10.45723032951355
0.06207513809204102,-1,-10.51930546760559
0.07321286201477051,-1,-10.59251832962036
0.05628108978271484,-1,-10.64879941940308
0.06378698348999023,0,-10.64879941940308
0.04930496215820313,0,-10.64879941940308
0.0681910514831543,1,-10.58060836791992
0.05968689918518066,1,-10.52092146873474
0.06238913536071777,2,-10.39614319801331
0.05708003044128418,1,-10.33906316757202
0.05722784996032715,1,-10.28183531761169
0.06492209434509277,2,-10.15199112892151
0.0535728931427002,2,-10.04484534263611
0.06989312171936035,0,-10.04484534263611
0.0648188591003418,0,-10.04484534263611
0.0671989917755127,1,-9.977646350860596
0.0609591007232666,0,-9.977646350860596
0.05524396896362305,-1,-10.03289031982422
0.06299901008605957,-3,-10.2218873500824
0.06054210662841797,-4,-10.46405577659607
0.0696568489074707,-5,-10.81234002113342
0.05570006370544434,-6,-11.14654040336609
0.06532597541809082,-6,-11.53849625587464
0.06487298011779785,-8,-12.05748009681702
0.06648111343383789,-8,-12.58932900428772
0.05472183227539063,-8,-13.02710366249085
0.06731319427490234,-9,-13.63292241096497
0.0556488037109375,-9,-14.13376164436341
0.06158900260925293,-9,-14.68806266784668
0.06488800048828125,-9,-15.27205467224121
0.06717610359191895,-9,-15.87663960456848
0.05920910835266113,-10,-16.46873068809509
0.06477189064025879,-9,-17.05167770385742
0.06850290298461914,-8,-17.59970092773438
0.05305814743041992,-8,-18.02416610717773
0.06641602516174316,-8,-18.55549430847168
0.05746293067932129,-7,-18.95773482322693
0.0592949390411377,-6,-19.31350445747375
0.06453108787536621,-5,-19.63615989685059
0.07274794578552246,-4,-19.92715167999268
0.06023597717285156,-3,-20.10785961151123
0.06386494636535645,-3,-20.2994544506073
0.0635380744934082,-1,-20.36299252510071
0.06178593635559082,0,-20.36299252510071
0.06701421737670898,2,-20.22896409034729
0.07668590545654297,2,-20.07559227943421
0.05376887321472168,2,-19.96805453300476
0.06998801231384277,2,-19.82807850837708
0.0603179931640625,4,-19.58680653572083
0.06220698356628418,3,-19.40018558502197
0.05874919891357422,2,-19.28268718719482
0.06842994689941406,2,-19.145827293396
0.06669998168945313,2,-19.01242733001709
0.05271697044372559,1,-18.95971035957336
0.06838703155517578,1,-18.89132332801819
0.05269789695739746,1,-18.83862543106079
0.0591280460357666,1,-18.77949738502503
0.05306196212768555,1,-18.72643542289734
0.0612640380859375,1,-18.6651713848114
0.07362604141235352,1,-18.59154534339905
0.06043601036071777,1,-18.53110933303833
0.06293010711669922,1,-18.46817922592163
0.06371593475341797,0,-18.46817922592163
0.05208086967468262,0,-18.46817922592163
0.06919217109680176,-2,-18.60656356811523
0.06369686126708984,-3,-18.79765415191651
0.06004214286804199,-4,-19.03782272338867
0.06094980239868164,-5,-19.34257173538208
0.05879402160644531,-6,-19.69533586502075
0.06019210815429688,-7,-20.11668062210083
0.06482505798339844,-8,-20.63528108596802
0.06337285041809082,-8,-21.14226388931275
0.07147717475891113,-9,-21.78555846214294
0.05700087547302246,-9,-22.29856634140015
0.0544440746307373,-9,-22.78856301307678
0.05700492858886719,-9,-23.30160737037659
0.05947709083557129,-9,-23.83690118789673
0.0529940128326416,-9,-24.31384730339051
0.07051801681518555,-9,-24.94850945472717
0.05978798866271973,-9,-25.48660135269165
0.06010699272155762,-8,-25.96745729446411
0.05907988548278809,-7,-26.38101649284363
0.07076501846313477,-7,-26.87637162208557
0.05716490745544434,-6,-27.21936106681824
0.07355904579162598,-5,-27.58715629577637
0.06440997123718262,-5,-27.90920615196228
0.05759596824645996,-4,-28.13959002494812
0.06470799446105957,-3,-28.3337140083313
0.07254910469055176,-2,-28.47881221771241
0.06436991691589355,-1,-28.5431821346283
0.06199502944946289,0,-28.5431821346283
0.05878710746765137,1,-28.48439502716065
0.06207990646362305,1,-28.42231512069702
0.07279610633850098,1,-28.34951901435852
0.05752396583557129,2,-28.23447108268738
0.06389808654785156,1,-28.17057299613953
0.06832194328308105,1,-28.10225105285645
0.05925989151000977,1,-28.04299116134644
0.06121015548706055,0,-28.04299116134644
0.06612181663513184,-1,-28.10911297798157
0.05292320251464844,-1,-28.16203618049622
0.0700678825378418,-3,-28.37223982810974
0.0600590705871582,-3,-28.55241703987122
0.07036399841308594,-5,-28.90423703193665
0.06045889854431152,-6,-29.26699042320251
0.06244206428527832,-6,-29.64164280891419
0.06295084953308105,-7,-30.08229875564576
0.06861710548400879,-8,-30.63123559951782
0.05221295356750488,-8,-31.04893922805786
0.0635230541229248,-8,-31.55712366104126
0.06335711479187012,-9,-32.12733769416809
0.0591728687286377,-8,-32.60072064399719
0.06130504608154297,-10,-33.21377110481262
0.06973385810852051,-10,-33.91110968589783
0.06601214408874512,-9,-34.50521898269653
0.05943489074707031,-9,-35.04013299942017
0.06747603416442871,-9,-35.64741730690002
0.05391693115234375,-9,-36.13266968727112
0.06898903846740723,-8,-36.68458199501038
0.06992816925048828,-8,-37.24400734901428
0.05839896202087402,-7,-37.6528000831604
0.06203699111938477,-6,-38.02502202987671
0.06992793083190918,-5,-38.37466168403626
0.06315708160400391,-5,-38.69044709205628
0.06435489654541016,-4,-38.94786667823792
0.05998706817626953,-4,-39.18781495094299
0.06920504570007324,-3,-39.39543008804321
0.05325102806091309,-3,-39.55518317222595
0.06264090538024902,-3,-39.7431058883667
0.06758809089660645,-3,-39.94587016105652
0.0531768798828125,-4,-40.15857768058777
0.06183195114135742,-4,-40.4059054851532
0.06170105934143066,-3,-40.59100866317749
0.06510305404663086,-2,-40.72121477127076
0.05855202674865723,-3,-40.89687085151673
0.07367086410522461,-4,-41.19155430793763
0.05941605567932129,-4,-41.42921853065491
0.06048297882080078,-4,-41.67115044593811
0.06322503089904785,-5,-41.98727560043335
0.05770492553710938,-6,-42.33350515365601
0.05977106094360352,-6,-42.69213151931763
0.07059407234191895,-8,-43.25688409805298
0.05637383460998535,-8,-43.70787477493287
0.06582021713256836,-9,-44.30025672912598
0.05922198295593262,-8,-44.77403259277344
0.05949187278747559,-9,-45.30945944786072
0.06153011322021484,-9,-45.86323046684265
0.05581283569335938,-9,-46.36554598808289
0.09113502502441406,-7,-47.00349116325379
0.0654289722442627,-7,-47.46149396896363
0.06014418601989746,-6,-47.82235908508301
0.06981301307678223,-5,-48.17142415046693
0.07036900520324707,-4,-48.45290017127991
0.0820767879486084,-2,-48.61705374717713
0.07140421867370605,-1,-48.68845796585084
0.06368780136108398,0,-48.68845796585084
0.06930398941040039,1,-48.61915397644044
0.07284402847290039,1,-48.54630994796754
0.06748008728027344,1,-48.47882986068726
0.07411694526672363,1,-48.40471291542054
0.06803393363952637,0,-48.40471291542054
0.06974601745605469,-1,-48.47445893287659
0.07739806175231934,-1,-48.55185699462891
0.06393098831176758,-2,-48.67971897125244
0.09009003639221191,-3,-48.94998908042908
0.0767519474029541,-5,-49.33374881744385
0.07997298240661621,-6,-49.81358671188355
0.06526708602905273,-7,-50.27045631408692
0.07266497611999512,-7,-50.77911114692689
0.05855989456176758,-9,-51.30615019798279
0.06808614730834961,-9,-51.91892552375794
0.06869196891784668,-9,-52.53715324401856
0.0569460391998291,-9,-53.04966759681702
0.05463099479675293,-9,-53.5413465499878
0.06533098220825195,-8,-54.06399440765381
0.05566692352294922,-8,-54.5093297958374
0.05695009231567383,-8,-54.96493053436279
0.07367801666259766,-7,-55.48067665100098
0.06675100326538086,-5,-55.81443166732789
0.08432888984680176,-5,-56.23607611656189
0.0603339672088623,-4,-56.47741198539734
0.0620729923248291,-3,-56.66363096237183
0.06999707221984863,-2,-56.80362510681153
0.06341910362243652,0,-56.80362510681153
0.06657290458679199,1,-56.73705220222473
0.06028604507446289,1,-56.67676615715028
0.06617307662963867,1,-56.61059308052064
0.06699490547180176,1,-56.54359817504883
0.05671095848083496,2,-56.43017625808716
0.07252097129821777,1,-56.35765528678895
0.06598114967346191,0,-56.35765528678895
0.06427192687988281,0,-56.35765528678895
0.06201004981994629,0,-56.35765528678895
0.05762290954589844,0,-56.35765528678895
0.0631859302520752,-2,-56.48402714729309
0.06443905830383301,-3,-56.6773443222046
0.06623601913452148,-4,-56.94228839874268
0.0632789134979248,-5,-57.2586829662323
0.05840516090393066,-6,-57.60911393165589
0.06429600715637207,-7,-58.05918598175049
0.06083297729492188,-7,-58.48501682281494
0.07312703132629395,-8,-59.0700330734253
0.06352782249450684,-8,-59.57825565338135
0.06312918663024902,-8,-60.08328914642334
0.06167483329772949,-9,-60.63836264610291
0.05877399444580078,-9,-61.16732859611512
0.05563998222351074,-10,-61.72372841835022
0.06386709213256836,-9,-62.29853224754334
0.06759810447692871,-9,-62.9069151878357
0.0681610107421875,-8,-63.45220327377319
0.07116580009460449,-8,-64.02152967453003
0.06280112266540527,-8,-64.52393865585328
0.06373500823974609,-7,-64.9700837135315
0.06858396530151367,-6,-65.38158750534058
0.0711359977722168,-5,-65.73726749420167
0.06866908073425293,-4,-66.01194381713867
0.09370303153991699,-3,-66.29305291175843
0.06466484069824219,-1,-66.35771775245667
0.06216001510620117,1,-66.29555773735047
0.06188011169433594,2,-66.17179751396179
0.06926703453063965,2,-66.03326344490052
0.06547093391418457,1,-65.96779251098633
0.06484889984130859,3,-65.7732458114624
0.0664520263671875,2,-65.64034175872803
0.0711979866027832,1,-65.56914377212525
0.06838011741638184,1,-65.50076365470886
0.06305384635925293,1,-65.43770980834961
0.05643916130065918,1,-65.38127064704895
0.05841398239135742,0,-65.38127064704895
0.06181597709655762,0,-65.38127064704895
0.05930900573730469,-2,-65.49988865852356
0.06198883056640625,-3,-65.68585515022278
0.06861710548400879,-4,-65.96032357215882
0.06489896774291992,-5,-66.28481841087342
0.06515908241271973,-6,-66.67577290534973
0.06705307960510254,-6,-67.07809138298035
0.06321287155151367,-8,-67.58379435539246
0.06108307838439941,-8,-68.07245898246766
0.06933403015136719,-8,-68.62713122367859
0.06583595275878906,-9,-69.21965479850769
0.05664992332458496,-9,-69.72950410842896
0.07058310508728027,-9,-70.36475205421448
0.05653882026672363,-9,-70.87360143661499
0.06041598320007324,-10,-71.47776126861572
0.06660223007202148,-9,-72.07718133926392
0.06808590888977051,-9,-72.68995451927186
0.05457687377929688,-8,-73.12656950950623
0.06006503105163574,-8,-73.60708975791932
0.05993819236755371,-8,-74.08659529685974
0.06020689010620117,-7,-74.50804352760315
0.0600590705871582,-6,-74.8683979511261
0.07014083862304688,-5,-75.21910214424134
0.06313204765319824,-4,-75.47163033485413
0.06576895713806152,-3,-75.66893720626831
0.07084512710571289,-2,-75.81062746047974
0.05800199508666992,0,-75.81062746047974
0.0667259693145752,1,-75.74390149116517
0.0772700309753418,2,-75.58936142921448
0.0646669864654541,2,-75.46002745628357
0.06874203681945801,1,-75.39128541946411
0.0598900318145752,2,-75.27150535583496
0.06249499320983887,2,-75.14651536941528
0.06285190582275391,1,-75.08366346359253
0.07172107696533203,0,-75.08366346359253
0.06801581382751465,0,-75.08366346359253
0.05747103691101074,0,-75.08366346359253
0.0726010799407959,0,-75.08366346359253
0.0568389892578125,-2,-75.19734144210815
0.07015109062194824,-3,-75.407794713974
0.06267285346984863,-4,-75.6584861278534
0.06447505950927734,-4,-75.9163863658905
0.07259607315063477,-6,-76.35196280479431
0.06271195411682129,-6,-76.72823452949524
0.06669902801513672,-7,-77.1951277256012
0.06382584571838379,-8,-77.70573449134827
0.06551814079284668,-8,-78.22987961769105
0.07437896728515625,-9,-78.89929032325745
0.06631994247436523,-9,-79.49616980552674
0.05322504043579102,-9,-79.97519516944886
0.05653095245361328,-9,-80.48397374153138
0.05386614799499512,-10,-81.02263522148133
0.06690883636474609,-9,-81.62481474876405
0.06517696380615234,-9,-82.21140742301941
0.06517815589904785,-8,-82.7328326702118
0.0603940486907959,-8,-83.21598505973816
0.05850791931152344,-8,-83.68404841423034
0.06159496307373047,-8,-84.1768081188202
0.06490206718444824,-7,-84.63112258911133
0.06683588027954102,-6,-85.03213787078858
0.06524395942687988,-5,-85.35835766792298
0.06463408470153809,-4,-85.61689400672913
0.06160306930541992,-3,-85.80170321464539
0.05812788009643555,-2,-85.91795897483825
0.06516313552856445,-2,-86.04828524589539
0.06606197357177734,1,-85.98222327232362
0.06514286994934082,1,-85.91708040237426
0.06216120719909668,2,-85.79275798797608
0.06249594688415527,2,-85.66776609420776
0.05970406532287598,2,-85.54835796356201
0.05750679969787598,1,-85.49085116386413
0.06572914123535156,1,-85.42512202262879
0.06547188758850098,2,-85.29417824745179
0.06814408302307129,1,-85.22603416442871
0.0661780834197998,1,-85.15985608100891
0.06717181205749512,1,-85.09268426895142
0.05902004241943359,0,-85.09268426895142
0.06324195861816406,-1,-85.15592622756959
0.06835818290710449,-1,-85.22428441047669
0.06145095825195313,-3,-85.40863728523254
0.06310582160949707,-4,-85.66106057167053
0.06032919883728027,-5,-85.96270656585693
0.06184983253479004,-5,-86.27195572853088
0.05971908569335938,-6,-86.63027024269104
0.06777691841125488,-8,-87.17248558998108
0.07460808753967285,-8,-87.76935029029847
0.0543520450592041,-8,-88.20416665077209
0.06594204902648926,-9,-88.79764509201051
0.05484294891357422,-9,-89.29123163223267
0.05855703353881836,-9,-89.81824493408203
0.05672502517700195,-9,-90.32877016067506
0.06139898300170898,-9,-90.88136100769043
0.06708478927612305,-9,-91.48512411117554
0.06666803359985352,-9,-92.08513641357422
0.0568690299987793,-8,-92.54008865356445
0.06710195541381836,-7,-93.00980234146119
0.06357908248901367,-6,-93.39127683639527
0.06235408782958984,-5,-93.70304727554322
0.07099485397338867,-5,-94.05802154541016
0.06107616424560547,-4,-94.30232620239257
0.05539894104003906,-4,-94.52392196655273
0.07256388664245605,-3,-94.7416136264801
0.05521416664123535,-2,-94.85204195976257
0.05897402763366699,-2,-94.9699900150299
0.07654285430908203,-1,-95.046532869339
0.0648040771484375,-1,-95.11133694648743
0.06911897659301758,0,-95.11133694648743
0.06014895439147949,1,-95.05118799209596
0.06592512130737305,0,-95.05118799209596
0.06597995758056641,0,-95.05118799209596
0.0706479549407959,1,-94.98054003715515
0.06394290924072266,1,-94.91659712791444
0.06140017509460449,0,-94.91659712791444
0.06262779235839844,-1,-94.97922492027284
0.06038308143615723,-2,-95.09999108314515
0.06847095489501953,-3,-95.30540394783021
0.05939602851867676,-5,-95.60238409042359
0.06381416320800781,-5,-95.92145490646363
0.06435179710388184,-6,-96.30756568908692
0.06680607795715332,-7,-96.775208234787
0.06268310546875,-8,-97.276673078537
0.06399393081665039,-8,-97.7886245250702
0.07544493675231934,-9,-98.46762895584106
0.06392312049865723,-9,-99.04293704032899
0.0551760196685791,-9,-99.5395212173462
0.05806088447570801,-9,-100.0620691776276
0.06709909439086914,-10,-100.7330601215363
0.0599968433380127,-10,-101.3330285549164
0.06965303421020508,-9,-101.9599058628082
0.07072114944458008,-8,-102.5256750583649
0.05442380905151367,-8,-102.961065530777
0.06262803077697754,-8,-103.4620897769928
0.05917000770568848,-7,-103.8762798309326
0.07248306274414063,-6,-104.3111782073975
0.05635404586791992,-4,-104.5365943908692
0.0751349925994873,-4,-104.8371343612671
0.06191182136535645,-4,-105.0847816467285
0.05930304527282715,-2,-105.2033877372742
0.06442403793334961,-1,-105.2678117752075
0.06376099586486816,0,-105.2678117752075
0.061553955078125,0,-105.2678117752075
0.07197213172912598,2,-105.1238675117493
0.06651186943054199,1,-105.0573556423187
0.06278204917907715,1,-104.9945735931396
0.06044292449951172,1,-104.9341306686401
0.0665581226348877,1,-104.8675725460052
0.0607140064239502,1,-104.8068585395813
0.06814002990722656,1,-104.7387185096741
0.06270384788513184,1,-104.676014661789
0.06572413444519043,1,-104.6102905273437
0.06154799461364746,1,-104.5487425327301
0.05866408348083496,0,-104.5487425327301
0.06508898735046387,-1,-104.6138315200806
0.06717300415039063,-2,-104.7481775283813
0.0698390007019043,-4,-105.027533531189
0.05592489242553711,-5,-105.3071579933166
0.06450104713439941,-5,-105.6296632289887
0.06399893760681152,-6,-106.0136568546295
0.06614804267883301,-7,-106.4766931533814
0.0706179141998291,-8,-107.04163646698
0.06138801574707031,-8,-107.5327405929565
0.06939506530761719,-9,-108.1572961807251
0.06338000297546387,-9,-108.7277162075043
0.05646204948425293,-9,-109.2358746528626
0.05802392959594727,-10,-109.816113948822
0.05763411521911621,-10,-110.3924551010132
0.06321382522583008,-10,-111.0245933532715
0.07636809349060059,-10,-111.7882742881775
0.0505988597869873,-10,-112.2942628860474
0.0673069953918457,-10,-112.9673328399658
0.06238818168640137,-10,-113.5912146568298
0.05579900741577148,-10,-114.1492047309876
0.0723109245300293,-9,-114.8000030517578
0.0685570240020752,-9,-115.4170162677765
0.05570793151855469,-8,-115.8626797199249
0.06080102920532227,-8,-116.3490879535675
0.06159496307373047,-7,-116.7802526950836
0.06635594367980957,-6,-117.1783883571625
0.05979204177856445,-6,-117.5371406078339
0.07178807258605957,-5,-117.8960809707642
0.05722188949584961,-4,-118.1249685287476
0.06584620475769043,-3,-118.3225071430206
0.06687092781066895,-2,-118.456248998642
0.05393791198730469,-1,-118.5101869106293
0.06131696701049805,-1,-118.5715038776398
0.06546998023986816,-1,-118.6369738578796
0.07648921012878418,1,-118.5604846477509
0.06091690063476563,1,-118.4995677471161
0.06273198127746582,0,-118.4995677471161
0.06606411933898926,0,-118.4995677471161
0.06088495254516602,0,-118.4995677471161
0.05900001525878906,0,-118.4995677471161
0.06945586204528809,1,-118.4301118850708
0.06387805938720703,-1,-118.493989944458
0.06099104881286621,-3,-118.6769630908966
0.06452202796936035,-4,-118.9350512027741
0.07224082946777344,-4,-119.2240145206451
0.06258201599121094,-6,-119.5995066165924
0.06669902801513672,-7,-120.0663998126984
0.06309700012207031,-8,-120.5711758136749
0.06403994560241699,-8,-121.0834953784943
0.0590970516204834,-9,-121.6153688430786
0.06272506713867188,-9,-122.1798944473267
0.06189799308776855,-10,-122.7988743782044
0.07182002067565918,-9,-123.4452545642853
0.06400203704833984,-10,-124.0852749347687
0.07603192329406738,-9,-124.7695622444153
0.0539700984954834,-9,-125.2552931308746
0.06218886375427246,-8,-125.7528040409088
0.06452202796936035,-8,-126.2689802646637
0.05519509315490723,-8,-126.710541009903
0.0722498893737793,-7,-127.2162902355194
0.06611800193786621,-6,-127.6129982471466
0.06081604957580566,-5,-127.9170784950256
0.06788802146911621,-4,-128.1886305809021
0.06766796112060547,-3,-128.3916344642639
0.06310510635375977,-2,-128.5178446769714
0.08442091941833496,-1,-128.6022655963898
0.05929899215698242,0,-128.6022655963898
0.0628659725189209,0,-128.6022655963898
0.05782198905944824,0,-128.6022655963898
0.06027913093566895,0,-128.6022655963898
0.05810093879699707,1,-128.5441646575928
0.07917189598083496,1,-128.4649927616119
0.06190800666809082,0,-128.4649927616119
0.05897808074951172,1,-128.4060146808624
0.06198596954345703,0,-128.4060146808624
0.05948209762573242,0,-128.4060146808624
0.07209300994873047,-1,-128.4781076908112
0.06717491149902344,-2,-128.6124575138092
0.0619499683380127,-3,-128.7983074188233
0.05900311470031738,-4,-129.0343198776245
0.06497287750244141,-5,-129.3591842651367
0.06140303611755371,-5,-129.6661994457245
0.07284188270568848,-7,-130.1760926246643
0.06361913681030273,-7,-130.6214265823364
0.06414699554443359,-8,-131.1346025466919
0.0652000904083252,-9,-131.7214033603668
0.06385493278503418,-9,-132.2960977554321
0.06039285659790039,-9,-132.8396334648132
0.05582904815673828,-9,-133.3420948982239
0.05775594711303711,-9,-133.8618984222412
0.07565212249755859,-9,-134.5427675247192
0.0936119556427002,-10,-135.4788870811462
0.09279394149780273,-9,-136.3140325546265
0.0616459846496582,-9,-136.8688464164734
0.06552815437316895,-8,-137.3930716514588
0.06568002700805664,-8,-137.9185118675232
0.06780695915222168,-7,-138.3931605815887
0.07119607925415039,-6,-138.8203370571137
0.05707883834838867,-6,-139.162810087204
0.06446099281311035,-5,-139.4851150512695
0.07079195976257324,-5,-139.8390748500824
0.0714271068572998,-3,-140.0533561706543
0.06809496879577637,-2,-140.1895461082459
0.0606389045715332,-1,-140.2501850128174
0.06511211395263672,-1,-140.31529712677
0.0612030029296875,0,-140.31529712677
0.06160187721252441,1,-140.2536952495575
0.06683802604675293,1,-140.1868572235107
0.05836701393127441,1,-140.1284902095795
0.06623101234436035,1,-140.0622591972351
0.06332015991210938,1,-139.998939037323
0.06389379501342773,2,-139.8711514472961
0.08154106140136719,2,-139.7080693244934
0.07051205635070801,1,-139.6375572681427
0.06955504417419434,1,-139.5680022239685
0.06952095031738281,1,-139.4984812736511
0.06731510162353516,0,-139.4984812736511
0.05002880096435547,0,-139.4984812736511
0.06051206588745117,0,-139.4984812736511
0.05722498893737793,-1,-139.5557062625885
0.07286214828491211,-3,-139.7742927074432
0.05506181716918945,-3,-139.9394781589508
0.06450319290161133,-4,-140.1974909305572
0.0606229305267334,-5,-140.5006055831909
0.06803297996520996,-6,-140.9088034629822
0.06158089637756348,-7,-141.3398697376251
0.07131314277648926,-8,-141.910374879837
0.07521486282348633,-8,-142.5120937824249
0.06585907936096191,-9,-143.1048254966736
0.05800294876098633,-9,-143.6268520355225
0.05944204330444336,-10,-144.2212724685669
0.04217910766601563,-10,-144.6430635452271
0.03801584243774414,-10,-145.0232219696045
