Tallformatet viser til kolonnenummer:
0=Ts, 1=Flow, 2=Volum
 
0,0,0
0,0.0,0.06777191162109375
0,0.0,0.06301999092102056
0,0.0,0.058846950531005776
0,0.0,0.0555460453033447
0,0.0,0.06744813919067394
0,0.0,0.05535888671875
0,0.0,0.06465506553649897
0,0.0,0.06188297271728521
-1,-0.07229304313659662,0.07229304313659662
0,-0.07229304313659662,0.06591796875
0,-0.07229304313659662,0.06053304672241211
0,-0.07229304313659662,0.05614781379699707
0,-0.07229304313659662,0.06183505058288574
0,-0.07229304313659662,0.05817008018493652
0,-0.07229304313659662,0.0715789794921875
0,-0.07229304313659662,0.058854103088378906
0,-0.07229304313659662,0.058383941650390625
0,-0.07229304313659662,0.06178092956542991
0,-0.07229304313659662,0.061163902282715066
0,-0.07229304313659662,0.05574202537536599
0,-0.07229304313659662,0.06548714637756303
0,-0.07229304313659662,0.06560087203979492
0,-0.07229304313659662,0.06055903434753418
0,-0.07229304313659662,0.06106209754943892
0,-0.07229304313659662,0.05423498153686501
0,-0.07229304313659662,0.05929493904113792
0,-0.07229304313659662,0.06031894683837913
0,-0.07229304313659662,0.05878996849059992
0,-0.07229304313659662,0.06116509437561102
1,-0.002505064010620728,0.0697879791259759
1,0.057597875595092385,0.06010293960571311
1,0.1142129898071283,0.05661511421203591
2,0.24047899246215804,0.06313300132751487
3,0.42494273185730097,0.06148791313171431
4,0.7033193111419689,0.06959414482116699
6,1.039342164993282,0.05600380897521884
6,1.418459177017213,0.06318616867065519
7,1.8187470436096171,0.05718398094177202
7,2.3138635158538765,0.0707309246063228
6,2.7063958644866917,0.0654220581054692
6,3.1487214565277073,0.07372093200683594
5,3.460671901702876,0.062390089035033736
4,3.711911678314204,0.06280994415283203
2,3.840977668762202,0.06453299522399902
1,3.8996727466583203,0.058695077896118164
0,3.8996727466583203,0.06484484672546387
-2,3.771460771560664,0.06410598754882812
-3,3.5657503604888867,0.06857013702392578
-4,3.3283741474151545,0.05934405326843306
-5,3.0176348686218195,0.06214785575866699
-5,2.688019990921014,0.06592297554016113
-5,2.3936040401458696,0.05888319015502885
-5,2.0903499126434237,0.06065082550048917
-4,1.780773878097527,0.07739400863647417
-3,1.6140248775482093,0.05558300018310591
-2,1.4851009845733576,0.06446194648742587
-2,1.3650667667388832,0.060017108917237216
0,1.3650667667388832,0.06167101860046387
1,1.4232566356658851,0.05818986892700195
1,1.4833717346191322,0.06011509895324707
3,1.687977790832511,0.06820201873779297
5,1.97658824920653,0.0577220916748038
7,2.404441833496081,0.06112194061279297
7,2.9319622516631982,0.07536005973815962
6,3.2895801067352197,0.059602975845336914
7,3.8055849075317285,0.0737149715423584
5,4.154534339904775,0.06978988647460938
4,4.411650657653799,0.06427907943725586
2,4.535562515258779,0.061955928802490234
1,4.602931499481191,0.06736898422241211
-1,4.539087533950796,0.06384396553039551
-2,4.40417742729186,0.06745505332946777
-3,4.227102279663076,0.05902504920959473
-4,3.9835863113403223,0.06087899208068848
-4,3.728449821472158,0.06378412246704102
-5,3.4055309295654244,0.06458377838134677
-5,3.0852358341216943,0.064059019088746
-4,2.8501074314117334,0.058782100677490234
-2,2.6883852481841943,0.08086109161376953
-1,2.622140407562246,0.06624484062194824
0,2.622140407562246,0.06312799453735352
1,2.679060459136953,0.05692005157470703
2,2.7989106178283594,0.059925079345703125
3,2.9880993366241357,0.06306290626525879
6,3.4293992519378564,0.07354998588562012
7,3.8998906612396143,0.06721305847167969
7,4.366384983062734,0.06664204597473145
8,4.832472324371335,0.05826091766357511
7,5.262861013412467,0.061484098434447354
8,5.715371847152701,0.0565638542175293
7,6.167439937591544,0.06458115577697754
7,6.6451895236968905,0.06824994087219238
6,7.047128915786734,0.06698989868164062
5,7.3842241764068515,0.06741905212402344
4,7.622592210769644,0.05959200859069824
3,7.788708209991446,0.055371999740600586
1,7.859603166580191,0.07089495658874512
0,7.859603166580191,0.06261205673217773
0,7.859603166580191,0.06074595451355069
-1,7.79961419105529,0.059988975524901456
-2,7.659060239791862,0.07027697563171387
-3,7.449681282043452,0.06979298591613681
-3,7.26737689971923,0.06076812744140714
-5,6.899027347564689,0.0736699104309082
-5,6.617127180099479,0.05638003349304199
-6,6.161690950393669,0.07590603828430176
-6,5.792564630508415,0.061521053314208984
-6,5.414523363113395,0.06300687789916992
-6,5.059467554092399,0.059175968170166016
-5,4.711952209472648,0.0695030689239502
-5,4.432401657104484,0.05591011047363281
-4,4.151794433593742,0.07015180587768555
-3,3.9558937549590985,0.06530022621154785
-2,3.8307559490203777,0.06256890296936035
-2,3.7060301303863445,0.0623629093170166
0,3.7060301303863445,0.07091403007507324
0,3.7060301303863445,0.057633161544799805
1,3.781014919280998,0.07498478889465332
1,3.835814952850334,0.05480003356933594
2,3.9628472328185955,0.06351613998413086
3,4.150332212448112,0.06249499320983887
5,4.482706785202018,0.06647491455078125
6,4.891349554061882,0.06810712814331055
7,5.392030239105217,0.07152581214904785
7,5.835565090179435,0.06336212158203125
8,6.3589091300964276,0.06541800498962402
6,6.711061000823967,0.058691978454589844
7,7.171437025070182,0.06576800346374512
7,7.691509008407585,0.0742959976196289
6,8.105749368667595,0.06904006004333496
6,8.484823465347283,0.06317901611328125
5,8.78932332992553,0.060899972915649414
4,9.05244302749633,0.0657799243927002
4,9.283174991607659,0.05768299102783203
3,9.475801944732659,0.064208984375
2,9.601399898529046,0.06279897689819336
2,9.726461887359612,0.0625309944152832
1,9.786393880844109,0.05993199348449707
0,9.786393880844109,0.060459136962890625
0,9.786393880844109,0.06362581253051758
0,9.786393880844109,0.06556200981140137
-1,9.719739675521843,0.06665420532226562
-2,9.593506097793572,0.06311678886413574
-2,9.472090005874627,0.060708045959472656
-3,9.276667118072503,0.06514096260070801
-3,9.093501567840569,0.06105518341064453
-4,8.863673686981194,0.05745697021484375
-5,8.530004501342766,0.06673383712768555
-5,8.19860386848449,0.06628012657165527
-5,7.90691423416137,0.05833792686462402
-5,7.583754539489739,0.06463193893432617
-5,7.2846786975860525,0.059815168380737305
-5,6.956323862075799,0.06567096710205078
-5,6.554449081420891,0.08037495613098145
-5,6.266528844833367,0.05758404731750488
-5,5.946814298629754,0.06394290924072266
-4,5.69631361961364,0.06262516975402832
-3,5.473143815994256,0.07438993453979492
-3,5.260212898254371,0.07097697257996138
-2,5.127980709075912,0.06611609458922985
-1,5.063752889633163,0.06422781944274902
0,5.063752889633163,0.06826996803282981
1,5.130085945129384,0.06633305549622115
2,5.262609958648682,0.06626200675964888
3,5.477851152420033,0.07174706459045055
5,5.821301460266085,0.06869006156921031
6,6.169841289520246,0.058089971542360175
7,6.6046326160430855,0.06211304664611994
6,6.983748197555505,0.06318593025206987
7,7.45489048957821,0.0673060417175293
7,7.893328428268433,0.06263399124146041
6,8.337477922439575,0.07402491569519043
6,8.660314321517934,0.05380606651305975
4,8.91095042228697,0.06265902519225897
4,9.16179442405701,0.06271100044251021
2,9.28240227699279,0.06030392646789018
1,9.345619201660151,0.06321692466736017
0,9.345619201660151,0.07363915443420055
0,9.345619201660151,0.057387828826909626
-1,9.278926134109492,0.06669306755065918
-3,9.083064794540421,0.06528711318969016
-3,8.9059567451477,0.059036016464240504
-3,8.701171159744247,0.06826186180115101
-5,8.332256555557253,0.07378292083739879
-5,8.049190521240254,0.05661320686339977
-6,7.674827098846455,0.062393903732299805
-5,7.390137434005748,0.056937932968141425
-5,7.070781707763647,0.06387114524842019
-6,6.68734025955203,0.06390690803526944
-6,6.312622070312507,0.062453031539920545
-5,6.00803160667421,0.060918092727659356
-4,5.732747793197648,0.06882095336914062
-3,5.567555904388449,0.05506396293639959
-2,5.430421829223651,0.06856703758239924
-1,5.365158796310441,0.06526303291320978
1,5.440346717834492,0.0751879215240514
1,5.506066799163831,0.0657200813293386
2,5.647470474243191,0.07070183753967996
4,5.907086372375515,0.06490397453308105
6,6.276171207427973,0.06151413917540971
7,6.751464128494295,0.06789898872376021
7,7.228185653686518,0.06810307502746049
7,7.721656560897822,0.0704958438873291
7,8.16108250617978,0.06277513504027965
7,8.596089124679597,0.06214380264283115
7,9.055871009826655,0.06568312644957963
6,9.467741012573216,0.06864500045776012
6,9.827680587768528,0.05998992919921875
5,10.144416093826285,0.0633471012115514
2,10.281724214553824,0.06865406036376953
2,10.409295797348024,0.06378579139710006
0,10.409295797348024,0.07046413421629971
0,10.409295797348024,0.055046081542970526
-1,10.342800855636595,0.06649494171142933
-2,10.218106985092154,0.06234693527222035
-3,10.017073631286612,0.06701111793518066
-4,9.709126472473178,0.07698678970335848
-5,9.379876375198371,0.06585001945496138
-5,9.010176181793229,0.0739400386810285
-5,8.663016080856321,0.06943202018738148
-6,8.181701898574827,0.08021903038024902
-5,7.8495824337005775,0.06642389297484996
-5,7.498246431350724,0.0702672004699707
-4,7.215127229690568,0.07077980041503906
-4,6.938919305801408,0.06905198097229004
-3,6.724577903747553,0.07144713401795144
-1,6.635412931442254,0.08916497230529963
1,6.698487043380723,0.06307411193846946
2,6.8348009586334015,0.06815695762633922
3,7.041020631790156,0.06873989105225142
5,7.380016088485704,0.06779909133910955
5,7.70882630348205,0.06576204299926935
7,8.28674507141114,0.08255982398986994
6,8.788544178009019,0.08363318443297985
7,9.28725218772888,0.07124400138855158
7,9.76168394088745,0.06777596473693848
7,10.17147803306577,0.05854201316833141
6,10.621172189712508,0.07494902610778986
6,10.986307382583623,0.06085586547851918
5,11.30168747901917,0.06307601928710938
4,11.557507753372176,0.0639550685882515
2,11.686947584152216,0.06471991539001998
2,11.808183431625354,0.06061792373656871
1,11.878232479095445,0.070049047470091
0,11.878232479095445,0.07421708106994984
-1,11.818549394607524,0.05968308448792037
-2,11.678669691085807,0.06993985176085893
-3,11.496170759201046,0.0608329772949201
-3,11.308142900466905,0.0626759529113805
-3,11.101511240005479,0.0688772201538086
-5,10.748692274093614,0.07056379318237305
-5,10.444106578826926,0.06091713905333762
-5,10.143357038497928,0.06014990806579945
-5,9.803356647491476,0.06800007820129039
-5,9.483426332473776,0.06398606300354004
-5,9.098711729049668,0.07694292068482156
-6,8.471435308456385,0.1045460700988805
-5,8.10095548629759,0.07409596443175914
-6,7.729573249816898,0.061897039413448596
-5,7.3683488368987895,0.07224488258362172
-4,7.050861120223999,0.07937192916869762
-3,6.852851867675771,0.06600308418274281
-3,6.673871994018555,0.059659957885738635
-1,6.594578027725216,0.07929396629333851
0,6.594578027725216,0.06101107597351074
1,6.665169000625607,0.07059097290039062
2,6.782907247543324,0.05886912345885875
4,7.049459218978885,0.06663799285889027
5,7.4146986007690465,0.07304787635803223
6,7.758841037750248,0.057357072830200195
7,8.29111456871033,0.07603907585144043
6,8.692244291305546,0.06685495376586914
7,9.22381019592283,0.07593798637389781
6,9.606873989105182,0.06384396553039196
5,9.948203563690178,0.06826591491699929
4,10.274400234222377,0.08154916763304954
2,10.456302165985079,0.09095096588135121
0,10.456302165985079,0.07334589958190918
-1,10.38621401786801,0.07008814811706898
-2,10.247734308242766,0.06923985481262207
-3,10.04832100868224,0.06647109985350852
-3,9.861747980117766,0.06219100952149148
-4,9.578359842300411,0.0708470344543386
-5,9.190415859222355,0.07758879661561124
-6,8.790610790252693,0.06663417816161044
-6,8.405405521392787,0.06420087814331765
-6,7.990823268890345,0.06909704208374023
-6,7.575833320617662,0.06916499137878063
-6,7.148998737335212,0.07113909721374156
-6,6.769475460052433,0.0632538795471298
-6,6.306227207183824,0.07720804214476829
-5,5.979722499847416,0.0653009414672816
-4,5.6701579093933,0.07739114761352894
-3,5.4956934452056885,0.05815482139587047
-3,5.267674922943094,0.07600617408753152
-2,5.12328720092772,0.07219386100768688
0,5.12328720092772,0.0808711051940918
1,5.234798192977891,0.1115109920501709
2,5.391318082809427,0.07825994491576793
4,5.667857885360711,0.06913495063782094
6,6.169116258621187,0.08354306221007946
6,6.54944491386415,0.06338810920716043
6,6.986202955245965,0.0727930068969691
5,7.3026869297027694,0.06329679489136097
5,7.589812040328972,0.05742502212524059
4,7.857472181320169,0.06691503524779918
2,8.022562265396111,0.08254504203797097
1,8.08920025825499,0.06663799285887961
1,8.14315128326415,0.053951025009158826
0,8.14315128326415,0.060364961624141955
-1,8.08142137527464,0.06172990798950906
-2,7.943820953369123,0.06880021095275879
-3,7.755967617034905,0.06261777877807262
-4,7.493710994720438,0.06556415557861683
-4,7.249471187591546,0.06105995178222301
-5,6.966426610946648,0.05660891532897949
-5,6.599796056747412,0.0733261108398473
-5,6.298766374588006,0.06020593643188121
-6,5.872202157974257,0.07109403610229137
-6,5.496403932571361,0.06263303756714933
-6,5.120468378066988,0.06265592575072887
-6,4.760401487350478,0.060011148452751684
-5,4.4211473464965785,0.06785082817077992
-4,4.157599449157697,0.06588697433472035
-4,3.9290151596069443,0.05714607238768821
-3,3.732452154159546,0.06552100181579945
-3,3.5409352779388534,0.06383895874023082
-1,3.471557140350342,0.06937813758851163
0,3.471557140350342,0.07281398773193004
1,3.527590990066521,0.05603384971617942
2,3.64267897605896,0.05754399299621937
3,3.842833280563365,0.0667181015014684
5,4.179888010025017,0.06741094589233043
6,4.525176286697381,0.05754804611206055
7,4.979420661926213,0.06489205360411887
6,5.3447189331054545,0.06088304519654031
6,5.705293655395494,0.060095787048339844
6,6.149750709533635,0.07407617568969016
5,6.47857046127319,0.06576395034791105
4,6.730950832366911,0.0630950927734304
2,6.85100650787351,0.06002783775329945
2,6.978846549987768,0.0639200210571289
0,6.978846549987768,0.07035207748413086
0,6.978846549987768,0.05498790740967152
-2,6.848322391509992,0.06526207923888805
-3,6.641589164733869,0.06891107559204102
-3,6.451080799102765,0.06350278854370117
-4,6.174240589141814,0.06921005249023793
-5,5.87519574165341,0.059808969497680664
-5,5.574805021286014,0.06007814407347922
-6,5.192293405532798,0.06375193595886941
-6,4.806349992752057,0.0643239021301234
-6,4.4638340473174445,0.057085990905768824
-6,4.069975614547712,0.06564307212828879
-6,3.7137138843535986,0.059376955032352186
-6,3.314779996871909,0.06648898124694824
-5,2.9613590240478658,0.07068419456480868
-4,2.694967269897461,0.06659793853760121
-4,2.456254959106417,0.05967807769776101
-3,2.2547216415405096,0.0671777725219691
-2,2.1444234848022283,0.055149078369140625
-1,2.080591440200788,0.06383204460144043
0,2.080591440200788,0.07890391349792836
1,2.136867523193338,0.05627608299255016
1,2.199305534362768,0.06243801116943004
3,2.3966095447540248,0.06576800346375222
5,2.7154943943023646,0.06377696990966797
4,2.99938607215881,0.07097291946411133
4,3.2510263919830003,0.06291007995604758
5,3.600836515426657,0.06996202468873136
4,3.8676965236663747,0.06671500205992942
3,4.042638778686538,0.05831408500672097
1,4.103447675704967,0.060808897018429064
1,4.174268722534187,0.07082104682922008
1,4.228633642196666,0.05436491966247914
0,4.228633642196666,0.06843900680541282
-1,4.164541721343998,0.06409192085266824
-2,4.031451702117916,0.06654500961304066
-3,3.823998212814349,0.06915116310118918
-3,3.6538381576538264,0.05672001838684082
-4,3.4065666198730646,0.06181788444519043
-5,3.0528964996337713,0.07073402404785867
-5,2.756186962127721,0.059341907501210045
-6,2.320471763610854,0.07261919975281117
-6,1.98625421524045,0.05570292472840066
-6,1.608325958251946,0.06298804283141735
-6,1.2415943145751882,0.06112194061279297
-6,0.8217749595642232,0.0699698925018275
-6,0.4409656524658345,0.06346821784973145
-5,0.1093516349792445,0.066322803497318
-5,-0.19006872177126155,0.05988407135010121
-4,-0.44225645065306907,0.06304693222045188
-3,-0.642143964767449,0.06662917137145996
-3,-0.826727867126479,0.061527967453010035
-1,-0.9022407531738388,0.07551288604735973
0,-0.9022407531738388,0.06011414527892711
1,-0.8389749526977575,0.06326580047608132
2,-0.7186808586120783,0.060147047042839574
3,-0.5123674869537425,0.06877112388611195
4,-0.29747605323795057,0.05372285842894797
4,-0.008755922317511988,0.07218003273010964
5,0.3177893161773433,0.06530904769897106
4,0.5548288822173824,0.059259891510009766
4,0.8041136264801061,0.062321186065680934
2,0.935271501541127,0.06557893753051047
1,0.9976675510406352,0.062396049499508166
1,1.0576984882354665,0.060030937194831324
0,1.0576984882354665,0.07295489311217906
-1,0.9991292953491175,0.058569192886348986
-3,0.8082847595214702,0.06361484527588246
-4,0.5462408065795614,0.06551098823547719
-4,0.30550861358639736,0.060183048248291016
-5,-0.02842164039616435,0.06678605079651234
-6,-0.48076796531679733,0.07539105415343883
-6,-0.8596432209014715,0.06314587593077903
-6,-1.1944973468780766,0.055809020996100855
-6,-1.5459654331207524,0.0585780143737793
-6,-1.9154093265533696,0.06157398223876953
-6,-2.294393301010178,0.0631639957428014
-6,-2.682772874832157,0.06472992897032981
-5,-2.9832780361175573,0.06010103225708008
-4,-3.236866712570194,0.06339716911315918
-4,-3.5070140361785924,0.06753683090209961
-3,-3.7136485576629887,0.0688781738281321
-1,-3.779219388961806,0.06557083129881747
0,-3.779219388961806,0.07403516769410246
0,-3.779219388961806,0.060697793960567736
1,-3.7197382450103937,0.05948114395141246
2,-3.584278345108036,0.06772994995117898
2,-3.469466447830218,0.05740594863890891
2,-3.3175203800201594,0.0759730339050293
3,-3.120078325271624,0.06581401824951172
3,-2.9232635498047053,0.06560492515563965
2,-2.791967391967784,0.06564807891846058
1,-2.730113267898574,0.061854124069210314
1,-2.670383453369155,0.059729814529418945
0,-2.670383453369155,0.06580901145935059
-1,-2.7319605350494527,0.06157708168029785
-3,-2.9425811767578374,0.07020688056946156
-3,-3.1386377811432027,0.06535220146178844
-3,-3.3209507465362904,0.060770988464362574
-4,-3.612974405288689,0.0730059146880997
-4,-3.828458070755012,0.0538709163665807
-5,-4.137018203735359,0.061712026596069336
-6,-4.53370189666753,0.06611394882202859
-6,-4.926468849182179,0.0654611587524414
-6,-5.297105789184556,0.061772823333729576
-6,-5.635122776031501,0.05633616447449086
-6,-6.042905807495167,0.06796383857727761
-6,-6.418003082275398,0.0625162124633718
-5,-6.782173156738288,0.07283401489257812
-4,-7.043085098266609,0.06522798538208008
-4,-7.295140266418493,0.06301379203797097
-3,-7.5107655525207875,0.07187509536743164
-1,-7.5696156024933146,0.058850049972527074
-1,-7.639733552932768,0.07011795043945312
1,-7.566845655441309,0.07288789749145863
1,-7.50891065597537,0.05793499946593883
2,-7.3773903846740865,0.06576013565064187
4,-7.113454341888485,0.06598401069640047
4,-6.880753993988094,0.058175086975097656
4,-6.615978717803969,0.06619381904603117
5,-6.270383834838917,0.06911897659301047
4,-6.0003633499146005,0.0675051212310791
2,-5.877729415893597,0.0613169670105016
2,-5.75471544265752,0.06150698661803844
1,-5.685514450073288,0.06920099258423207
0,-5.685514450073288,0.05985403060912731
-1,-5.743090391159111,0.057575941085822535
-2,-5.881430387496987,0.06916999816893821
-3,-6.058355331420959,0.058974981307990504
-4,-6.3464555740356765,0.07202506065367942
-5,-6.662770271301284,0.06326293945312145
-5,-6.949845314025929,0.05741500854492898
-6,-7.336575508117704,0.06445503234862926
-6,-7.781350135803272,0.07412910461426137
-6,-8.115873813629179,0.055753946304317736
-6,-8.490742206573515,0.062478065490722656
-6,-8.833977699279814,0.057205915451049805
-5,-9.213277816772507,0.07586002349853871
-5,-9.512662410736112,0.05987691879272106
-4,-9.801874637603788,0.07230305671691895
-4,-10.01870298385623,0.05420708656311035
-3,-10.21859550476076,0.06663084030151012
-2,-10.34165143966678,0.061527967453010035
-1,-10.406205654144319,0.06455421447753906
0,-10.406205654144319,0.07276678085327148
1,-10.34136652946475,0.06483912467956898
2,-10.209492444992108,0.06593704223632102
3,-10.020501852035565,0.06299686431884766
3,-9.831852436065695,0.06288313865662332
4,-9.601464748382618,0.05759692192076926
4,-9.344812870025656,0.0641629695892405
4,-9.11209249496465,0.058180093765251684
4,-8.854796886444142,0.06432390213012695
4,-8.60451650619509,0.06257009506226296
2,-8.47115850448612,0.06667900085448508
2,-8.348176479339635,0.06149101257324219
2,-8.220270633697531,0.06395292282105203
0,-8.220270633697531,0.06484007835387473
-1,-8.290583610534696,0.07031297683716531
-2,-8.408823490142836,0.05911993980407004
-3,-8.626275539398208,0.07248401641845703
-4,-8.879407405853286,0.06328296661376953
-5,-9.203717470169082,0.06486201286315918
-5,-9.513697385787978,0.0619959831237793
-6,-9.925327062606826,0.06860494613647461
-6,-10.293313264846816,0.06133103370666504
-6,-10.660082101821914,0.06112813949584961
-6,-11.055109262466445,0.06583786010742188
-5,-11.38414478302007,0.06580710411072488
-5,-11.707844495773365,0.06473994255065918
-4,-12.081048727035544,0.09330105781554465
-3,-12.331875324249289,0.08360886573791504
-3,-12.521295785903952,0.0631401538848877
-1,-12.587817668914823,0.06652188301087136
0,-12.587817668914823,0.06813311576842551
1,-12.52151370048525,0.06630396842957254
2,-12.383095979690587,0.06920886039733176
4,-12.110547304153478,0.06813716888427734
4,-11.863343477249181,0.06180095672607422
5,-11.576518774032593,0.05736494064331765
5,-11.26125311851505,0.06305313110350852
3,-11.076234340667739,0.061672925949103785
3,-10.86569452285768,0.07017993927001953
2,-10.729270458221464,0.06821203231810813
1,-10.659081459045431,0.0701889991760325
0,-10.659081459045431,0.060810089111328125
-1,-10.719073295593283,0.05999183654785156
-3,-10.925923824310303,0.06895017623900657
-3,-11.108875513076782,0.060983896255493164
-5,-11.454996109008825,0.06922411918640847
-6,-11.822837829589837,0.061306953430168676
-6,-12.222371101379387,0.0665888786315918
-6,-12.716651439666741,0.08238005638122559
-6,-13.10135889053344,0.0641179084777832
-6,-13.497245788574212,0.06598114967346191
-5,-13.699285268783598,0.04040789604187722
-5,-13.956305265426664,0.05140399932861328
