Tall viser til kolonnenummer:
0=Tid, 1=Lys, 2=, 3= 
4=, 5=, 6=, 7= 
8=, 9= 
0,18
0.07565498352050781,19
0.1591389179229736,19
0.2260100841522217,20
0.2831430435180664,19
0.345919132232666,21
0.4284989833831787,21
0.511631965637207,21
0.5593941211700439,21
0.6290349960327148,21
0.6831331253051758,21
0.768604040145874,20
0.8392410278320313,20
0.9152131080627441,19
0.9811849594116211,18
1.05303692817688,17
1.116667032241821,15
1.21587610244751,13
1.279394149780273,12
1.346106052398682,12
1.423402070999146,11
1.489195108413696,10
1.543061971664429,10
1.623248100280762,10
1.677611112594604,10
1.735908031463623,10
1.80090594291687,10
1.85927414894104,10
1.942206144332886,9
2.005361080169678,9
2.072461128234863,9
2.14110803604126,9
2.202361106872559,8
2.269217014312744,9
2.345147132873535,10
2.404443979263306,10
2.476093053817749,11
2.563350915908813,12
2.63031005859375,13
2.695199966430664,14
2.755595922470093,15
2.82026195526123,15
2.882337093353271,17
2.955549955368042,17
3.011831045150757,17
3.075618028640747,18
3.12492299079895,18
3.193114042282104,19
3.252800941467285,19
3.315190076828003,20
3.372270107269287,19
3.429497957229614,19
3.494420051574707,20
3.547992944717407,20
3.617886066436768,18
3.682704925537109,18
3.749903917312622,19
3.810863018035889,18
3.866106986999512,17
3.929105997085571,15
3.989648103713989,14
4.05930495262146,13
4.115005016326904,12
4.180330991744995,12
4.245203971862793,10
4.311685085296631,10
4.366406917572021,10
4.433720111846924,9
4.489368915557861,9
4.550957918167114,9
4.615845918655396,9
4.683022022247314,9
4.742231130599976,8
4.807003021240234,9
4.875505924224854,10
4.928564071655273,10
4.994980096817017,10
5.052443027496338,11
5.111737966537476,12
5.176269054412842,13
5.249017000198364,14
5.309252977371216,15
5.373117923736572,15
5.43665599822998,17
5.498441934585571,18
5.56545615196228,20
5.642142057418823,20
5.695910930633545,20
5.765898942947388,20
5.82621693611145,22
5.888423919677734,21
5.947173118591309,20
6.015603065490723,20
6.082303047180176,20
6.135020017623901,19
6.203407049179077,19
6.256104946136475,19
6.315232992172241,19
6.368294954299927,19
6.429558992385864,19
6.503185033798218,19
6.563621044158936,19
6.626551151275635,19
6.690267086029053,18
6.742347955703735,18
6.811540126800537,16
6.875236988067627,15
6.935279130935669,14
6.996228933334351,13
7.055022954940796,12
7.115215063095093,11
7.180040121078491,10
7.243412971496582,10
7.314890146255493,9
7.371891021728516,9
7.426335096359253,9
7.48334002494812,9
7.542817115783691,9
7.595811128616333,9
7.666329145431519,9
7.726117134094238,9
7.786224126815796,10
7.845304012298584,11
7.916069030761719,11
7.973233938217163,12
8.046792984008789,13
8.111202955245972,13
8.168798923492432,14
8.233506917953491,15
8.306056022644043,16
8.370425939559937,17
8.432420969009399,18
8.491208076477051,19
8.553287982940674,19
8.626084089279175,19
8.683608055114746,20
8.747506141662598,19
8.815828084945679,19
8.875087976455688,19
8.936298131942749,18
9.002419948577881,17
9.055343151092529,17
9.125411033630371,15
9.185470104217529,15
9.255834102630615,13
9.316293001174927,12
9.378735065460205,12
9.441685914993286,11
9.510303020477295,10
9.5625159740448,10
9.626039028167725,10
9.689396142959595,9
9.748569011688232,10
9.809874057769775,8
9.879607915878296,8
9.945620059967041,9
10.00505495071411,9
10.07253098487854,9
10.12644791603089,9
10.19543695449829,10
10.26536512374878,10
10.32376408576965,11
10.38580107688904,12
10.45572900772095,13
10.51888608932495,13
10.58324098587036,14
10.64322805404663,14
10.71243309974671,15
10.76568412780762,15
10.82832503318787,15
10.89591312408447,15
10.94909000396729,14
11.01092195510864,14
11.07262301445007,15
11.1377260684967,16
11.19627809524536,15
11.26994895935059,14
11.32936501502991,14
11.38984799385071,14
11.45307302474976,13
11.51077795028687,12
11.57054901123047,12
11.64114308357239,10
11.69751691818237,10
11.76333713531494,9
11.82255911827087,10
11.88205099105835,9
11.94358110427856,9
11.99939393997193,9
12.09052896499634,11
12.1559579372406,11
12.2161021232605,12
12.28591513633728,13
12.35628414154053,14
12.43836092948914,16
12.50976514816284,17
12.57345294952393,18
12.64275693893433,19
12.71560096740723,19
12.7830810546875,19
12.85719799995422,19
12.92523193359375,18
12.99497795104981,17
13.07237601280212,17
13.13630700111389,16
13.2263970375061,15
13.30314898490906,13
13.38312196731567,12
13.44838905334473,11
13.52105402946472,11
13.57961392402649,9
13.64770007133484,9
13.71639204025269,9
13.77333807945252,9
13.82796907424927,9
13.89330005645752,10
13.94896697998047,10
14.00591707229614,10
14.07959508895874,11
14.14634609222412,13
14.23067498207092,13
14.29100894927979,14
14.35308194160462,15
14.42307901382446,16
14.4864981174469,18
14.55307102203369,19
14.61335706710815,19
14.67953014373779,19
14.7465250492096,19
14.80323600769043,20
14.87575697898865,19
14.94173812866211,18
15.00601005554199,18
15.06802010536194,18
15.12564301490784,18
15.18882894515991,16
15.25326800346375,15
15.31950402259827,14
15.38278293609619,13
15.44118809700012,12
15.5054841041565,11
15.56631708145142,11
15.63944411277771,10
15.70297193527222,10
15.76610112190247,10
15.8277759552002,9
15.886549949646,9
15.94218993186951,8
16.00605702400208,9
16.07365512847901,9
16.14181613922119,10
16.2129819393158,10
16.2757830619812,10
16.33951807022095,11
16.40810203552246,12
16.47923803329468,13
16.54790711402893,14
16.64161014556885,15
16.70627498626709,17
16.76843500137329,19
16.83031511306763,20
16.89958214759827,20
16.96505308151245,19
17.02990198135376,21
17.09635400772095,20
17.16755199432373,19
17.23593211174011,19
17.29898595809937,19
17.35542511940003,19
17.41383910179138,18
17.47565507888794,18
17.53496408462524,16
17.59695291519165,15
17.66557002067566,14
17.73046898841858,13
17.7956280708313,12
17.8626811504364,12
17.92589402198792,10
17.98697710037231,10
18.05631113052368,10
18.12214708328247,9
18.17879700660706,9
18.24938011169434,9
18.30591893196106,9
18.36633491516113,8
18.43293714523315,9
18.50102305412292,9
18.55559992790222,10
18.61566495895386,10
18.67560315132141,10
18.73581004142761,11
18.79586911201477,12
18.86600995063782,13
18.92914199829102,14
18.99491095542908,15
19.06575608253479,16
19.12375807762146,18
19.19048404693604,19
19.26775407791138,20
19.33242106437683,20
19.40116310119629,19
19.46105313301087,20
19.5235481262207,20
19.58640003204346,19
19.65812110900879,18
19.7261369228363,18
19.78360795974732,18
19.85620903968811,18
19.91304802894592,16
19.98319911956787,15
20.04587197303772,14
20.110347032547,14
20.18294310569763,12
20.24565505981446,12
20.31235408782959,11
20.37617993354798,10
20.44169807434082,10
20.51607704162598,9
20.58239698410034,9
20.63562202453614,9
20.69215297698975,9
20.74601912498474,8
20.81292796134949,9
20.87810492515564,9
20.94328308105469,10
21.00367712974549,10
21.06218504905701,10
21.12378001213074,10
21.18868207931519,11
21.25551795959473,12
21.32076191902161,13
21.38539600372315,14
21.44699907302857,15
21.505126953125,16
21.57029008865357,16
21.63635206222534,19
21.70149493217469,19
21.76365613937378,20
21.82615208625794,20
21.88585615158081,20
21.94336295127869,19
22.00909209251404,19
22.07456398010254,20
22.14270806312561,19
22.20888614654541,19
22.27605795860291,19
22.33507800102234,18
22.3983199596405,17
22.46667814254761,17
22.52812910079956,15
22.59123492240906,14
22.65156412124634,13
22.71341395378113,13
22.77313303947449,12
22.84090995788574,10
22.91551804542542,10
22.96987009048462,10
23.03581213951111,9
23.09065508842469,9
23.1492121219635,9
23.2059371471405,9
23.26733613014221,9
23.33442091941833,9
23.40108895301819,9
23.45795798301697,10
23.52505993843079,11
23.5886390209198,12
23.65099310874939,13
23.72198796272278,13
23.78306412696838,14
23.83846306800842,14
23.91102695465088,15
23.96624112129211,16
24.02521514892578,16
24.10175800323486,17
24.1665620803833,17
24.23568105697632,18
24.2958300113678,19
24.36175513267517,18
24.42773509025574,18
24.49838304519654,19
24.56232595443726,19
24.62372612953186,18
24.68635392189026,17
24.74673700332642,16
24.81520795822144,15
24.87460398674012,13
24.93841814994812,13
25.002769947052,12
25.06957602500916,11
25.13225913047791,10
25.19625306129456,10
25.27169799804688,9
25.33562111854553,9
25.39079713821411,9
25.44885802268982,9
25.51595711708069,8
25.5759539604187,8
25.64560699462891,9
25.71632814407349,10
25.770751953125,10
25.83337998390198,10
25.89254999160767,11
25.96503305435181,12
26.02138710021973,14
26.09652209281922,14
26.15843391418457,14
26.2177369594574,16
26.28216099739075,17
26.34592199325562,18
26.40747594833374,18
26.47944808006287,20
26.54595994949341,19
26.60874199867249,19
26.669184923172,19
26.73574304580689,19
26.79645705223084,19
26.86459708213806,19
26.9273009300232,19
26.99302506446839,19
27.05457305908203,19
27.11323714256287,18
27.17832612991333,17
27.24549913406372,16
27.31533813476563,14
27.37126302719116,13
27.43576407432556,13
27.49976301193238,12
27.56591105461121,11
27.63652896881104,10
27.69791698455811,10
27.76731204986572,9
27.83069205284119,9
27.88715410232544,9
27.94517803192139,8
28.00281214714051,8
28.06602597236633,8
28.14239406585694,8
28.19299292564392,8
28.26029992103577,8
28.32268810272217,8
28.37848711013794,8
28.45079803466797,9
28.51935505867004,9
28.5750629901886,10
28.63586401939392,10
28.69745898246765,11
28.76381492614746,12
28.82360696792603,12
28.89539504051209,13
28.95261693000794,14
29.01846313476563,15
29.0853340625763,16
29.1392719745636,17
29.2005889415741,17
29.26605892181397,17
29.34254813194275,19
29.40346503257752,19
29.46619701385498,18
29.53226113319397,18
29.59314608573914,18
29.65214610099792,18
29.72160196304321,19
29.78548002243042,17
29.84647107124329,15
29.91099309921265,14
29.98323392868042,14
30.04581594467163,12
30.11251497268677,11
30.17561197280884,10
30.23965191841126,10
30.29874897003174,9
30.36147403717041,9
30.42337203025818,8
30.49519205093384,9
30.55919408798218,8
30.63522601127625,9
30.68919610977173,9
30.751384973526,10
30.81590700149536,10
30.87110209465027,10
30.94335198402405,11
31.00946998596191,12
31.07028603553772,13
31.13817405700684,14
31.20584201812744,15
31.2689471244812,16
31.35336804389954,17
31.41266703605652,18
31.47553300857544,18
31.53335499763489,18
31.59363412857056,18
31.65173506736755,19
31.73090696334839,19
31.79281497001648,18
31.85179305076599,19
31.91377902030945,18
31.97326111793518,18
32.04535412788391,17
32.11252903938294,16
32.17447900772095,15
32.23348212242127,14
32.29845499992371,13
32.35985803604126,13
32.43269991874695,11
32.49631905555725,11
32.56046605110169,10
32.62566614151001,9
32.68952107429504,9
32.74991393089294,9
32.80574297904968,9
32.86349892616272,9
32.93915104866028,9
33.03276300430298,8
33.12555694580078,9
33.18720293045044,9
33.25273108482361,10
33.31841111183167,10
33.38621807098389,11
33.45741415023804,12
33.51449298858643,12
33.57895398139954,13
33.64974594116211,13
33.72117304801941,15
33.78926801681519,16
33.84990692138672,17
33.91501903533936,17
33.97622203826904,18
34.03782391548157,19
34.10466194152832,19
34.1630289554596,19
34.22925996780396,19
34.29258012771607,19
34.3564739227295,20
34.43801498413086,20
34.50852704048157,19
34.57808208465576,19
34.64760303497314,19
34.71491813659668,18
34.76494693756104,18
34.82545900344849,18
34.88268399238587,17
34.95554614067078,15
35.01060795783997,15
35.07511115074158,14
35.13573408126831,13
35.20376706123352,12
35.26534795761108,11
35.33666110038757,10
35.41187596321106,10
35.47773504257203,9
35.53573799133301,9
35.59518003463745,8
35.63735914230347,8
35.67537498474121,8
