Tallformatet viser til kolonnenummer:
0=Ts, 1=PowerB, 2=PowerC, 
3=IAE, 4=MAE 
5=TV_B, 6=TV_C 
7=Avvik, 8=MedianLys, 9=STD_Lys 
0,0,0,0,0,0,0,0,0,0
0.1801459789276123,15.0,15.0,0.0,0.0,15.0,15.0,0,21.0,0.0
0.18243408203125,11.26207884231113,18.73792115768887,0.18243408203125,0.3333333333333333,18.73792115768887,18.73792115768887,-1,20.66666666666667,0.7071067811865476
0.208961009979248,15.38461842263408,14.61538157736593,0.18243408203125,0.25,22.86046073801182,22.86046073801182,0,20.75,0.4854917717073234
0.1855158805847168,15.35728578555355,14.64271421444646,0.18243408203125,0.2,22.88779337509235,22.88779337509235,0,20.8,0.348386197956852
0.1860260963439941,19.57076639252573,10.42923360747427,0.3684601783752441,0.0,27.10127398206453,27.10127398206453,1,21.0,0.5193045730507006
0.1675639152526855,15.40998016811058,14.59001983188942,0.3684601783752441,0.0,31.26206020647968,31.26206020647968,0,21.0,0.2941951090265043
0.1806130409240723,15.44709340019383,14.55290659980617,0.3684601783752441,0.0,31.29917343856293,31.29917343856293,0,21.0,0.2050070065097094
0.1740419864654541,15.46590164577945,14.53409835422055,0.3684601783752441,0.0,31.31798168414856,31.31798168414856,0,21.0,0.1600808414948949
0.1935651302337646,19.72036146485954,10.27963853514046,0.5620253086090088,0.1,35.57244150322864,35.57244150322865,1,21.1,0.3590234968316288
0.1721749305725098,11.34151184305216,18.65848815694784,0.389850378036499,0.0,43.95129112503601,43.95129112503603,-1,21.0,0.3686493587179597
0.1779019832611084,7.064643929787279,22.93535607021272,0.03404641151428223,0.1666666666666667,48.2281590383009,48.2281590383009,-2,20.83333333333333,0.6301983352101406
0.1765918731689453,11.51599361543528,18.48400638456472,0.1425454616546631,0.2307692307692308,52.6795087239489,52.67950872394891,-1,20.76923076923077,0.3685781616801404
0.1830060482025146,15.5673554091211,14.43264459087891,0.1425454616546631,0.2142857142857143,56.73087051763471,56.73087051763472,0,20.78571428571429,0.1683810152098143
0.1814579963684082,19.70923801637344,10.29076198362656,0.3240034580230713,0.1333333333333333,60.87275312488706,60.87275312488707,1,20.86666666666667,0.2888871523635155
0.1825449466705322,15.4863692506258,14.5136307493742,0.3240034580230713,0.1333333333333333,65.09562189063471,65.09562189063471,0,20.875,0.1387773161972123
0.1807470321655273,11.22578873404979,18.77421126595021,0.1432564258575439,0.2,69.35620240721071,69.35620240721071,-1,20.82352941176471,0.2667837743610465
0.1900060176849365,15.35808389606289,14.64191610393711,0.1432564258575439,0.1333333333333333,73.4884975692238,73.4884975692238,0,20.83333333333333,0.1252723560794983
0.1776859760284424,11.15960275200838,18.84039724799162,0.03442955017089844,0.2,77.68697871327831,77.68697871327831,-1,20.78947368421053,0.2500302599552811
0.1732192039489746,3.861139996007349,26.13886000399265,0.4852280616760254,0.4,84.98544146927934,84.98544146927934,-3,20.65,0.697741856199256
0.1880509853363037,7.781420977157045,22.21857902284296,0.109126091003418,0.6,88.90572245042904,88.90572245042904,-2,20.57142857142857,0.4846515168757474
0.1746459007263184,24.42319735119989,5.576802648800115,0.4584178924560547,0.4666666666666667,105.5474988244719,105.5474988244719,2,20.68181818181818,0.4621199347971697
0.1781439781188965,24.36309063537112,5.636909364628886,0.8147058486938477,0.3333333333333333,105.6076055403007,105.6076055403007,2,20.78260869565218,0.450359449106901
0.1858949661254883,7.503575527173175,22.49642447282683,0.4429159164428711,0.4666666666666667,122.4671206484986,122.4671206484986,-2,20.70833333333333,0.4398794028953895
0.1763720512390137,-0.4767221319206278,30.47672213192063,0.2625722885131836,0.8,130.4474183075924,130.4474183075924,-4,20.56,0.8276442322161383
0.1879410743713379,4.189069730539403,25.8109302694606,0.3012509346008301,0.9333333333333334,135.1132101700524,135.1132101700524,-3,20.46153846153846,0.6269814744381572
0.1792728900909424,24.89617942341869,5.103820576581306,0.6597967147827148,0.6666666666666666,155.8203198629317,155.8203198629317,2,20.55555555555556,0.4218540339263441
0.1791009902954102,33.31375054022891,-3.313750540228909,1.376200675964355,0.3333333333333333,164.2378909797419,164.2378909797419,4,20.71428571428572,0.7798825655644227
0.1806750297546387,20.84162164262017,9.158378357379831,1.556875705718994,0.2666666666666667,176.7100198773507,176.7100198773507,1,20.75862068965517,0.2521254340292618
0.1816771030426025,16.79701309935051,13.20298690064949,1.556875705718994,0.3333333333333333,180.7546284206204,180.7546284206203,0,20.76666666666667,0.09324151695338106
0.1835849285125732,21.16183548225291,8.838164517747092,1.740460634231567,0.2666666666666667,185.1194508035227,185.1194508035227,1,20.80645161290323,0.1908962647577108
0.1927530765533447,17.11986197748374,12.88013802251627,1.740460634231567,0.2,189.1614243082919,189.1614243082919,0,20.8125,0.07847256861121781
0.1904029846191406,21.4514057198399,8.548594280160099,1.930863618850708,0.1333333333333333,193.4929680506481,193.492968050648,1,20.84848484848485,0.183581774065675
0.1862668991088867,21.64157825430436,8.358421745695637,2.117130517959595,0.0,193.6831405851125,193.6831405851125,1,20.88235294117647,0.1893835113351385
0.1766149997711182,21.84235443449486,8.157645565505145,2.293745517730713,0.2666666666666667,193.8839167653031,193.883916765303,1,20.91428571428572,0.187034403200174
0.1746311187744141,26.30840304740006,3.691596952599943,2.643007755279541,0.5333333333333333,198.3499653782083,198.3499653782082,2,20.97222222222222,0.3458750560204477
0.1879730224609375,35.1059608530488,-5.105960853048799,3.394899845123291,0.6666666666666666,207.147523183857,207.147523183857,4,21.08108108108108,0.6738338703934797
0.1843318939208984,31.50468431250775,-1.504684312507745,3.947895526885986,0.7333333333333333,210.7487997243981,210.748799724398,3,21.15789473684211,0.5113266758835237
0.1897659301757813,27.90889723805219,2.091102761947811,4.327427387237549,1.0,214.3445867988536,214.3445867988536,2,21.20512820512821,0.3445564149011979
0.1783089637756348,24.19191407413428,5.808085925865718,4.505736351013184,1.333333333333333,218.0615699627715,218.0615699627715,1,21.225,0.1856766154104688
0.1825921535491943,20.3939641988795,9.606035801120505,4.505736351013184,1.533333333333333,221.8595198380263,221.8595198380263,0,21.21951219512195,0.06813160342500181
0.1817018985748291,24.91474869657775,5.085251303422254,4.687438249588013,1.466666666666667,226.3803043357246,226.3803043357246,1,21.23809523809524,0.1614062896154889
0.2152130603790283,29.49593014254909,0.5040698574509079,5.117864370346069,1.333333333333333,230.9614857816959,230.9614857816959,2,21.27906976744186,0.3147715078174995
0.2128260135650635,34.21600213710267,-4.216002137102667,5.75634241104126,1.466666666666667,235.6815577762495,235.6815577762495,3,21.34090909090909,0.4654273232257192
0.2046120166778564,30.67038788367388,-0.6703878836738824,6.165566444396973,1.6,239.2271720296782,239.2271720296783,2,21.37777777777778,0.3185702192904515
0.2132019996643066,27.03406884699059,2.965931153009411,6.378768444061279,1.6,242.8634910663615,242.8634910663615,1,21.39130434782609,0.1711769856863845
0.2043099403381348,14.74727078737006,15.25272921262995,5.97014856338501,1.466666666666667,255.1502891259821,255.1502891259821,-2,21.34042553191489,0.3011274822370082
0.2470059394836426,10.52368330870744,19.47631669129256,5.229130744934082,1.2,259.3738766046447,259.3738766046447,-3,21.27083333333333,0.444855402810057
0.1981201171875,31.0148588095981,-1.014858809598103,5.625370979309082,1.266666666666667,279.8650521055354,279.8650521055354,2,21.30612244897959,0.3043043775978412
0.1842730045318604,48.23450393240852,-18.23450393240852,6.731009006500244,1.6,297.0846972283458,297.0846972283458,6,21.42,0.8607579049717666
0.1927628517150879,40.45019247172931,-10.45019247172931,7.502060413360596,1.733333333333333,304.869008689025,304.869008689025,4,21.49019607843137,0.5807022973085566
0.1915130615234375,20.05250003982118,9.947499960178817,7.310547351837158,1.4,325.2667011209331,325.2667011209331,-1,21.46153846153846,0.176051590996289
0.187830924987793,28.75536708917363,1.244632910826367,7.498378276824951,1.266666666666667,333.9695681702855,333.9695681702855,1,21.47169811320755,0.1503874221799437
0.1890799999237061,37.57531058132406,-7.575310581324057,8.065618276596069,1.333333333333333,342.789511662436,342.7895116624359,3,21.51851851851852,0.415510311889385
0.1920981407165527,42.37592085105109,-12.3759208510511,8.83401083946228,1.533333333333333,347.590121932163,347.590121932163,4,21.58181818181818,0.5513537264784335
0.1753480434417725,64.41656189109591,-34.41656189109591,10.41214323043823,2.133333333333333,369.6307629722078,369.6307629722078,9,21.73214285714286,1.217682998951686
0.1851189136505127,65.62380464625628,-35.62380464625628,12.07821345329285,2.666666666666667,370.8380057273682,370.8380057273682,9,21.87719298245614,1.211681852094668
0.2098839282989502,37.86263667637604,-7.862636676376038,12.49798130989075,2.666666666666667,398.5991736972485,398.5991736972484,2,21.89655172413793,0.3023789260994047
0.1749570369720459,4.539649398350122,25.46035060164988,11.44823908805847,2.066666666666666,431.9221609752744,431.9221609752743,-6,21.77966101694915,0.7911403699298553
0.1892960071563721,9.127379803088234,20.87262019691177,10.50175905227661,1.6,436.5098913800126,436.5098913800124,-5,21.68333333333333,0.6611641039648875
0.1757550239562988,29.94444360069282,0.05555639930717504,10.50175905227661,1.533333333333333,457.3269551776171,457.326955177617,0,21.67213114754099,0.1049733381995072
0.1800301074981689,38.37174404878605,-8.371744048786049,10.86181926727295,1.8,465.7542556257104,465.7542556257103,2,21.69354838709677,0.259412113997239
0.1801309585571289,17.26699579058386,12.73300420941615,10.32142639160156,1.8,486.8590038839126,486.8590038839125,-3,21.63492063492064,0.3864522695979089
0.1962108612060547,-4.122568630161023,34.12256863016103,8.751739501953125,1.133333333333333,508.2485683046575,508.2485683046573,-8,21.5,1.010943707078938
0.1840171813964844,-9.574317138277252,39.57431713827726,7.095584869384766,0.1333333333333333,513.7003168127737,513.7003168127735,-9,21.35384615384615,1.131998672889288
0.2158968448638916,1.576117618733553,28.42388238126645,5.800203800201416,0.5333333333333333,524.8507515697845,524.8507515697843,-6,21.25757575757576,0.7558184425141071
0.1704280376434326,17.27287227126361,12.7271277287364,5.459347724914551,0.6,540.5475062223146,540.5475062223144,-2,21.22388059701493,0.2684359424324688
0.1861159801483154,20.410780080642,9.589219919357998,5.273231744766235,0.7333333333333333,543.685414031693,543.6854140316927,-1,21.20588235294118,0.1375931674822483
0.1856989860534668,-5.773076316227794,35.7730763162278,3.973338842391968,1.4,569.8692704285628,569.8692704285626,-7,21.10144927536232,0.8500656823020678
0.1750900745391846,-15.53438952068205,45.53438952068205,2.397528171539307,2.266666666666667,579.6305836330171,579.6305836330169,-9,20.97142857142857,1.089143165968273
0.1878149509429932,4.140494321046575,25.85950567895343,1.646268367767334,3.133333333333333,599.3054674747457,599.3054674747455,-4,20.91549295774648,0.4940957565661636
0.177854061126709,28.45673096066495,1.543269039335051,2.001976490020752,3.6,623.6217041143641,623.6217041143639,2,20.94444444444445,0.2515891955786611
0.1828069686889648,27.80310186427648,2.196898135723519,2.367590427398682,3.6,624.2753332107526,624.2753332107524,2,20.97260273972603,0.2430017488385475
0.1843199729919434,10.5730392890193,19.4269607109807,1.998950481414795,3.333333333333333,641.5053957860098,641.5053957860096,-2,20.94594594594595,0.2410877674788277
0.1988110542297363,-2.597559009807391,32.59755900980739,1.004895210266113,3.333333333333333,654.6759940848365,654.6759940848363,-5,20.88,0.5840340577754056
0.1766369342803955,13.51235233074233,16.48764766925767,0.8282582759857178,3.4,670.7859054253862,670.785905425386,-1,20.86842105263158,0.1453287793373084
0.1867239475250244,34.17989594767253,-4.179895947672527,1.575154066085815,3.266666666666667,691.4534490423164,691.4534490423161,4,20.92207792207792,0.4609105515935036
0.1842830181121826,34.34705765994275,-4.347057659942752,2.312286138534546,2.8,691.6206107545865,691.6206107545864,4,20.97435897435898,0.4623613944866115
0.1992781162261963,17.79644762955577,12.20355237044423,2.312286138534546,2.266666666666667,708.1712207849736,708.1712207849733,0,20.9746835443038,0.07699162412708143
0.1845560073852539,13.65802693304058,16.34197306695942,2.127730131149292,1.733333333333333,712.3096414814888,712.3096414814885,-1,20.9625,0.1167596050382889
0.1857059001922607,13.64783490867095,16.35216509132906,1.942024230957031,1.4,712.3198335058584,712.3198335058581,-1,20.95061728395062,0.1181503070794935
0.1735801696777344,22.0712100068671,7.928789993132898,2.115604400634766,1.2,720.7432086040545,720.7432086040543,1,20.96341463414634,0.1174918072835684
0.1552298069000244,22.15614739161821,7.843852608381792,2.27083420753479,1.066666666666667,720.8281459888057,720.8281459888054,1,20.97590361445783,0.1167388061841983
