Tallformatet viser til kolonnenummer:
0=Ts, 1=PowerB, 2=PowerC, 
3=IAE, 4=MAE 
5=TV_B, 6=TV_C 
7=Avvik, 8=MedianLys, 9=STD_Lys 10=PID
0,0,0,0,0,0,0,0,0,0,0
0.1801459789276123,15.0,15.0,0.0,0.0,0.0,15.0,0.0,21.0,0.0,0.0
0.18243408203125,13.50810546875,16.49189453125,-0.3,0.18243408203125,0.3333333333333333,16.49189453125,-1.0,20.666666666666668,0.7071067811865476,-1.49189453125
0.20896100997924805,15.0,15.0,-0.21,0.18243408203125,0.25,17.9837890625,0.0,20.75,0.48549177170732344,0.0
0.1855158805847168,15.0,15.0,-0.147,0.18243408203125,0.2,17.9837890625,0.0,20.8,0.348386197956852,0.0
0.18602609634399414,16.49764175415039,13.50235824584961,0.1971,0.36846017837524414,0.3333333333333333,19.48143081665039,1.0,21.0,0.5193045730507005,1.4976417541503906
0.16756391525268577,15.0,15.0,0.13796999999999998,0.36846017837524414,0.2857142857142857,20.97907257080078,0.0,21.0,0.2941951090265043,0.0
0.18061304092407204,15.0,15.0,0.09657899999999998,0.36846017837524414,0.25,20.97907257080078,0.0,21.0,0.20500700650970943,0.0
0.17404198646545388,15.0,15.0,0.06760529999999998,0.36846017837524414,0.2222222222222222,20.97907257080078,0.0,21.0,0.16008084149489493,0.0
0.1935651302337651,16.509704208374025,13.490295791625975,0.34732370999999995,0.5620253086090092,0.30000000000000004,22.488776779174806,1.0,21.1,0.35902349683162876,1.5097042083740242
0.17217493057251,13.524520111083984,16.475479888916016,-0.056873403000000045,0.7342002391815192,0.36363636363636365,25.473960876464847,-1.0,21.0,0.3686493587179597,-1.475479888916016
0.17790198326110795,12.030713653564455,17.969286346435545,-0.6398113821,1.0900042057037351,0.5,26.967767333984376,-2.0,20.833333333333332,0.6301983352101406,-2.9692863464355455
0.17659187316894487,13.517453002929688,16.482546997070312,-0.74786796747,1.26659607887268,0.5384615384615385,28.45450668334961,-1.0,20.76923076923077,0.3685781616801404,-1.4825469970703118
0.1830060482025151,15.0,15.0,-0.523507577229,1.26659607887268,0.5,29.937053680419922,0.0,20.785714285714285,0.16838101520981433,0.0
0.1814579963684082,16.490332794189452,13.509667205810548,-0.06645530406029998,1.4480540752410882,0.5333333333333333,31.427386474609374,1.0,20.866666666666667,0.28888715236351553,1.490332794189453
0.18254494667053178,15.0,15.0,-0.046518712842209986,1.4480540752410882,0.5333333333333333,32.91771926879883,0.0,20.875,0.13877731619721226,0.0
0.18074703216552823,13.510804748535154,16.489195251464846,-0.332563098989547,1.6288011074066164,0.6,34.40691452026367,-1.0,20.823529411764707,0.2667837743610465,-1.4891952514648452
0.19000601768493564,15.0,15.0,-0.23279416929268287,1.6288011074066164,0.5333333333333333,35.89610977172852,0.0,20.833333333333332,0.1252723560794983,0.0
0.17768597602844327,13.515702438354491,16.48429756164551,-0.462955918504878,1.8064870834350597,0.6,37.38040733337402,-1.0,20.789473684210527,0.2500302599552811,-1.4842975616455092
0.17321920394897372,10.568547821044927,19.431452178955073,-1.2240691429534145,2.3261446952819806,0.8,40.32756195068359,-3.0,20.65,0.697741856199256,-4.431452178955073
0.18805098533630416,11.998236846923827,18.001763153076173,-1.4568484000673902,2.702246665954589,0.8666666666666667,41.75725097656249,-2.0,20.571428571428573,0.48465151687574737,-3.0017631530761735
0.17464590072631792,17.958866882324216,12.041133117675782,-0.4197938800471731,3.051538467407225,1.0,47.717881011962874,2.0,20.681818181818183,0.4621199347971697,2.9588668823242172
0.17814397811889693,17.97006072998047,12.02993927001953,0.30614428396697885,3.4078264236450186,1.1333333333333333,47.72907485961913,2.0,20.782608695652176,0.450359449106901,2.97006072998047
0.18589496612548828,12.005136108398437,17.99486389160156,-0.3856990012231148,3.779616355895995,1.2666666666666666,53.69399948120117,-2.0,20.708333333333332,0.4398794028953895,-2.9948638916015624
0.17637205123901367,9.071218872070313,20.92878112792969,-1.4699893008561804,4.48510456085205,1.4666666666666666,56.62791671752929,-4.0,20.56,0.8276442322161384,-5.928781127929687
0.1879410743713379,10.497882843017578,19.502117156982422,-1.9289925105993262,5.048927783966064,1.6,58.054580688476555,-3.0,20.46153846153846,0.6269814744381572,-4.502117156982422
0.17927289009094238,17.973673248291014,12.026326751708984,-0.7502947574195283,5.407473564147948,1.6,65.53037109374999,2.0,20.555555555555557,0.42185403392634413,2.9736732482910155
0.17910099029541016,20.946246337890624,9.053753662109376,0.6747936698063302,6.123877525329589,1.8,68.5029441833496,4.0,20.714285714285715,0.7798825655644227,5.946246337890625
0.18067502975463867,16.489080047607423,13.510919952392578,0.772355568864431,6.304552555084228,1.8666666666666667,72.9601104736328,1.0,20.75862068965517,0.25212543402926185,1.489080047607422
0.18167710304260254,15.0,15.0,0.5406488982051016,6.304552555084228,1.8,74.44919052124021,0.0,20.766666666666666,0.09324151695338107,0.0
0.18358492851257324,16.49373588562012,13.506264114379883,0.6784542287435711,6.488137483596801,1.8666666666666667,75.94292640686032,1.0,20.806451612903224,0.19089626475771085,1.4937358856201173
0.19275307655334473,15.0,15.0,0.47491796012049975,6.488137483596801,1.8,77.43666229248043,0.0,20.8125,0.0784725686112178,0.0
0.19040298461914062,16.504644775390624,13.495355224609375,0.6324425720843498,6.6785404682159415,1.8666666666666667,78.94130706787107,1.0,20.848484848484848,0.18358177406567502,1.504644775390625
0.18626689910888672,16.498027038574218,13.501972961425782,0.7427098004590449,6.864807367324828,1.8666666666666667,78.94792480468747,1.0,20.88235294117647,0.18938351133513848,1.4980270385742187
0.17661499977111816,16.48258399963379,13.517416000366211,0.8198968603213315,7.041422367095946,1.7333333333333334,78.9633678436279,1.0,20.914285714285715,0.18703440320017398,1.482583999633789
0.17463111877441406,17.958819580078124,12.041180419921876,1.173927802224932,7.3906846046447745,1.7333333333333334,80.43960342407225,2.0,20.97222222222222,0.3458750560204477,2.958819580078125
0.1879730224609366,21.003027343749995,8.996972656250005,2.0217494615574525,8.142576694488522,1.8666666666666667,83.48381118774412,4.0,21.08108108108108,0.6738338703934798,6.003027343749994
0.18433189392089933,19.484793090820318,10.515206909179684,2.3152246230902165,8.69557237625122,1.9333333333333333,85.0020454406738,3.0,21.157894736842106,0.5113266758835237,4.484793090820316
0.18976593017578125,18.0072509765625,11.9927490234375,2.2206572361631514,9.075104236602783,1.9333333333333333,86.47958755493161,2.0,21.205128205128204,0.34455641490119787,3.0072509765625
0.17830896377563477,16.485294342041016,13.514705657958984,1.8544600653142058,9.253413200378418,1.7333333333333334,88.0015441894531,1.0,21.225,0.18567661541046876,1.4852943420410156
0.18259215354919434,15.0,15.0,1.298122045719944,9.253413200378418,1.5333333333333332,89.48683853149412,0.0,21.21951219512195,0.06813160342500181,0.0
0.1817018985748291,16.490723037719725,13.509276962280273,1.2086854320039608,9.435115098953247,1.4666666666666666,90.97756156921383,1.0,21.238095238095237,0.16140628961548886,1.4907230377197265
0.21521306037902832,18.088681793212892,11.91131820678711,1.4460798024027726,9.865541219711304,1.3333333333333333,92.575520324707,2.0,21.27906976744186,0.31477150781749946,3.0886817932128907
0.21282601356506348,19.621564865112305,10.378435134887695,1.9122558616819407,10.504019260406494,1.4666666666666666,94.1084033966064,3.0,21.34090909090909,0.4654273232257192,4.621564865112305
0.20461201667785645,18.05475845336914,11.945241546630859,1.9385791031773585,10.913243293762207,1.6,95.67520980834956,2.0,21.377777777777776,0.3185702192904515,3.0547584533691405
0.21320199966430664,16.54112319946289,13.458876800537109,1.657005372224151,11.126445293426514,1.6,97.18884506225581,1.0,21.391304347826086,0.17117698568638454,1.5411231994628907
0.20430994033813477,11.946208190917968,18.053791809082032,0.5599037605569056,11.535065174102783,1.7333333333333334,101.78376007080072,-2.0,21.340425531914892,0.3011274822370082,-3.053791809082031
0.24700593948364258,10.214371490478516,19.785628509521484,-0.508067367610166,12.276082992553711,1.8666666666666667,103.51559677124018,-3.0,21.270833333333332,0.444855402810057,-4.785628509521484
0.1981201171875,18.033984375,11.966015625,0.24435284267288376,12.672323226928711,1.9333333333333333,111.33520965576167,2.0,21.306122448979593,0.30430437759784124,3.033984375
0.18427300453186035,23.96902084350586,6.030979156494141,1.9710469898710183,13.777961254119873,2.2666666666666666,117.27024612426753,6.0,21.42,0.8607579049717665,8.96902084350586
0.1927628517150879,21.03368225097656,8.966317749023437,2.5797328929097127,14.549012660980225,2.4,120.20558471679684,4.0,21.49019607843137,0.5807022973085566,6.033682250976563
0.1915130615234375,13.4935791015625,16.5064208984375,1.5058130250367987,14.740525722503662,2.2,127.7456878662109,-1.0,21.46153846153846,0.17605159099628903,-1.5064208984375
0.18783092498779297,16.500529479980468,13.499470520019532,1.354069117525759,14.928356647491455,2.0666666666666664,130.75263824462888,1.0,21.471698113207548,0.15038742217994375,1.5005294799804687
0.18907999992370605,19.507583999633788,10.492416000366212,1.8478483822680312,15.495596647262573,2.1333333333333333,133.7596927642822,3.0,21.51851851851852,0.41551031188938503,4.5075839996337885
0.19209814071655096,21.029428100585925,8.970571899414074,2.4934938675876217,16.263989210128777,2.3333333333333335,135.28153686523433,4.0,21.581818181818182,0.5513537264784335,6.0294281005859265
0.1753480434417689,28.32501182556147,1.6749881744385284,4.445445707311335,17.842121601104697,2.933333333333333,142.5771205902099,9.0,21.732142857142858,1.217682998951686,13.325011825561472
0.18511891365052158,28.465712356567508,1.5342876434324904,5.811811995117934,19.508191823959393,3.466666666666667,142.71782112121593,9.0,21.87719298245614,1.2116818520946684,13.46571235656751
0.20988392829894842,18.071628570556634,11.928371429443365,4.668268396582554,19.92795968055729,3.466666666666667,153.1119049072268,2.0,21.896551724137932,0.3023789260994047,3.071628570556635
0.17495703697204057,6.1204124450684105,23.87958755493159,1.4677878776077877,20.977701902389533,3.6666666666666665,165.06312103271503,-6.0,21.779661016949152,0.7911403699298554,-8.87958755493159
0.18929600715638095,7.485631942748952,22.514368057251048,-0.47254848567454855,21.924181938171436,3.8666666666666667,166.4283405303956,-5.0,21.683333333333334,0.6611641039648875,-7.514368057251048
0.17575502395628995,15.0,15.0,-0.33078393997218397,21.924181938171436,3.8,173.94270858764662,0.0,21.672131147540984,0.10497333819950723,0.0
0.18003010749816895,17.97609634399414,12.02390365600586,0.3684512420194712,22.284242153167774,3.8,176.91880493164075,2.0,21.693548387096776,0.25941211399723896,2.976096343994141
0.18013095855713068,10.535371398925772,19.464628601074228,-0.64208413058637,22.824635028839168,3.8,184.35952987670913,-3.0,21.634920634920636,0.38645226959790885,-4.464628601074227
0.19621086120606002,2.8885009765624314,27.111499023437567,-2.849458891410459,24.39432191848765,4.2,192.00640029907248,-8.0,21.5,1.0109437070789384,-12.111499023437569
0.18401718139647905,1.550152587890702,28.4498474121093,-4.694621223987321,26.050476551055958,4.4,193.34474868774421,-9.0,21.353846153846153,1.1319986728892877,-13.449847412109298
0.21589684486388983,5.727390289306658,24.27260971069334,-5.086234856791124,27.345857620239297,4.533333333333333,197.52198638916016,-6.0,21.257575757575758,0.7558184425141071,-9.272609710693342
0.1704280376434415,12.054630279540987,17.945369720459013,-4.160364399753787,27.68671369552618,4.6,203.84922637939448,-2.0,21.223880597014926,0.26843594243246877,-2.945369720459013
0.1861159801483101,13.502214431762704,16.497785568237298,-3.2122550798276506,27.872829675674488,4.6,205.2968105316162,-1.0,21.205882352941178,0.13759316748224834,-1.4977855682372962
0.18569898605346857,4.520171356201152,25.479828643798847,-4.348578555879355,29.17272257804877,4.866666666666666,214.27885360717775,-7.0,21.10144927536232,0.8500656823020679,-10.479828643798848
0.17509007453918102,1.6787029266357933,28.321297073364207,-5.744004989115548,30.7485332489014,5.2,217.12032203674312,-9.0,20.97142857142857,1.0891431659682727,-13.321297073364207
0.18781495094300027,8.997984313964798,21.0020156860352,-5.220803492380884,31.4997930526734,4.866666666666666,224.43960342407212,-4.0,20.91549295774648,0.4940957565661636,-6.002015686035202
0.17785406112670898,17.96913299560547,12.030867004394532,-3.0545624446666184,31.855501174926818,4.4,233.4107521057128,2.0,20.944444444444443,0.2515891955786611,2.969132995605469
0.18280696868895951,17.98498229980467,12.01501770019533,-1.5381937112666328,32.22111511230474,4.4,233.426601409912,2.0,20.972602739726028,0.24300174883854747,2.9849822998046704
0.18431997299194158,12.010176086425787,17.989823913574213,-1.6767355978866427,32.58975505828862,4.133333333333333,239.40140762329088,-2.0,20.945945945945947,0.24108776747882774,-2.989823913574213
0.19881105422973988,7.409511566162081,22.59048843383792,-2.67371491852065,33.58381032943731,4.133333333333333,244.00207214355459,-5.0,20.88,0.5840340577754056,-7.590488433837919
0.17663693428039906,13.517380905151361,16.482619094848637,-2.171600442964455,33.76044726371771,4.2,250.10994148254386,-1.0,20.86842105263158,0.1453287793373084,-1.4826190948486384
0.18672394752502086,20.995033264160135,9.004966735839867,-0.32012031007511843,34.50734305381779,4.333333333333333,257.58759384155263,4.0,20.92207792207792,0.4609105515935036,5.995033264160133
0.18428301811217906,20.979411315917947,9.020588684082053,0.9759157829474171,35.24447512626651,4.4,257.60321578979483,4.0,20.974358974358974,0.46236139448661145,5.979411315917946
0.19927811622619984,15.0,15.0,0.683141048063192,35.24447512626651,3.8666666666666667,263.5826271057128,0.0,20.974683544303797,0.07699162412708144,0.0
0.18455600738525035,13.5047103881836,16.4952896118164,0.17819873364423439,35.42903113365176,3.3333333333333335,265.0779167175292,-1.0,20.9625,0.11675960503828896,-1.4952896118164005
0.18570590019226074,13.502870559692383,16.497129440307617,-0.17526088644903592,35.61473703384402,3.0,265.0797565460204,-1.0,20.950617283950617,0.11815030707949349,-1.4971294403076172
0.1735801696777397,16.477728271484384,13.522271728515616,0.17731737948567483,35.788317203521764,2.933333333333333,268.05461425781243,1.0,20.963414634146343,0.11749180728356842,1.4777282714843836
0.15522980690001908,16.44836769104003,13.55163230895997,0.42412216563997235,35.94354701042178,2.933333333333333,268.0839748382568,1.0,20.97590361445783,0.11673880618419828,1.4483676910400305
